OTUHB_10	11	9,28,131,1474,3426,633,2465,2775,4055,1573,4136
OTUHB_11	16	10,82,184,1388,3844,3849,2157,2181,3155,1516,3405,518,575,678,916,2603
OTUHB_12	5	11,1144,1484,1536,3447
OTUHB_13	6	12,171,2499,2724,3736,2754
OTUHB_14	17	13,237,502,679,748,1549,2391,2612,3804,4262,1595,4294,621,917,932,1390,3326
OTUHB_15	3	14,2586,4392
OTUHB_20	5	19,1749,1754,3585,1426
OTUHB_16	4	15,3541,3967,4220
OTUHB_21	5	20,1211,1316,2336,4410
OTUHB_17	4	16,1575,2997,3285
OTUHB_22	4	22,1724,1852,2791
OTUHB_18	4	17,2233,3307,3548
OTUHB_23	2	23,3993
OTUHB_19	5	18,780,1385,2753,3125
OTUHB_24	9	24,1423,2122,2600,3760,3908,4379,2120,2284
OTUHB_25	1	25
OTUHB_30	2	31,1906
OTUHB_26	3	26,2901,4007
OTUHB_31	6	32,78,1503,3351,825,4215
OTUHB_27	2	27,1238
OTUHB_32	1	33
OTUHB_28	4	29,677,2020,2581
OTUHB_33	2	34,2617
OTUHB_29	3	30,3768,3854
OTUHB_34	7	35,233,961,1069,1899,4287,4133
OTUHB_35	1	36
OTUHB_40	4	41,52,2709,4275
OTUHB_36	2	37,3268
OTUHB_41	2	43,4377
OTUHB_37	4	38,1396,2424,3578
OTUHB_42	1	44
OTUHB_38	3	39,2170,4159
OTUHB_43	5	45,1494,3153,3846,4101
OTUHB_39	4	40,162,3815,3474
OTUHB_44	2	46,676
OTUHB_45	12	47,68,1796,2594,2645,3138,3673,1554,1710,2204,3865,2425
OTUHB_50	1	53
OTUHB_46	1	48
OTUHB_51	2	54,4283
OTUHB_47	6	49,366,1930,3435,3670,3075
OTUHB_52	3	55,1884,3872
OTUHB_48	3	50,2837,3978
OTUHB_53	9	56,129,145,3942,4172,3537,4333,3421,4108
OTUHB_49	5	51,774,1071,1964,3481
OTUHB_54	5	57,258,1681,3292,4368
OTUHB_55	6	58,427,2272,977,3682,1207
OTUHB_60	5	63,1092,2124,2271,3052
OTUHB_56	8	59,104,4098,553,999,1883,3287,1887
OTUHB_61	1	64
OTUHB_57	2	60,1680
OTUHB_62	3	65,1344,2277
OTUHB_58	2	61,1274
OTUHB_63	2	66,3951
OTUHB_59	3	62,363,4244
OTUHB_64	5	67,298,1832,2484,3211
OTUHB_65	5	69,253,2287,2738,3233
OTUHB_70	8	74,167,2265,2310,2874,3525,4194,3933
OTUHB_66	3	70,1048,1366
OTUHB_71	4	75,4360,2209,2728
OTUHB_67	1	71
OTUHB_72	1	76
OTUHB_68	1	72
OTUHB_73	4	77,1036,2676,4273
OTUHB_69	16	73,91,960,3409,4125,1563,2191,2238,2517,2591,4203,542,2924,3495,3905,4369
OTUHB_74	6	79,521,2370,3832,1189,3439
OTUHB_75	2	80,1690
OTUHB_80	3	86,1694,2480
OTUHB_76	6	81,276,2216,3232,3527,4162
OTUHB_81	3	87,2070,2431
OTUHB_77	2	83,3443
OTUHB_82	6	88,188,2895,1888,3275,3565
OTUHB_78	2	84,3312
OTUHB_83	1	89
OTUHB_79	4	85,152,1139,4186
OTUHB_84	4	90,1081,3162,3181
OTUHB_85	3	92,1164,3271
OTUHB_90	8	98,270,892,1654,2708,619,2270,4224
OTUHB_86	2	93,1320
OTUHB_91	4	100,513,2309,1793
OTUHB_87	1	94
OTUHB_92	4	101,3358,3659,3856
OTUHB_88	6	96,141,383,703,2026,2834
OTUHB_93	3	102,2735,3092
OTUHB_89	1	97
OTUHB_94	3	103,133,3544
OTUHB_95	2	105,2162
OTUHB_96	4	106,1896,2725,4165
OTUHB_97	8	107,196,2570,2760,3170,3681,1816,3698
OTUHB_98	6	108,1040,3160,4153,4308,1142
OTUHB_99	1	109
OTUHB_100	1	110
OTUHB_101	5	111,255,1989,545,4039
OTUHB_102	6	112,670,4006,1727,3194,3627
OTUHB_103	2	113,2281
OTUHB_104	1	114
OTUHB_105	5	115,874,1519,4032,3596
OTUHB_110	2	120,3150
OTUHB_106	5	116,538,803,1653,3943
OTUHB_111	3	121,814,1568
OTUHB_107	2	117,4263
OTUHB_112	5	122,794,3318,3880,1464
OTUHB_108	3	118,199,2561
OTUHB_113	2	123,3131
OTUHB_109	1	119
OTUHB_114	3	124,2999,4189
OTUHB_115	1	125
OTUHB_120	1	132
OTUHB_116	3	126,3314,4258
OTUHB_121	3	134,692,3612
OTUHB_117	2	127,3992
OTUHB_122	1	135
OTUHB_118	1	128
OTUHB_123	3	136,3563,4095
OTUHB_119	3	130,2906,3796
OTUHB_124	1	137
OTUHB_125	6	138,367,1082,1841,2116,3464
OTUHB_130	1	144
OTUHB_126	1	139
OTUHB_131	1	146
OTUHB_127	3	140,241,880
OTUHB_132	2	147,1104
OTUHB_128	4	142,1132,1695,3547
OTUHB_133	2	148,2034
OTUHB_129	2	143,3580
OTUHB_134	2	149,2902
OTUHB_135	1	150
OTUHB_140	1	157
OTUHB_136	2	151,3025
OTUHB_141	2	158,1196
OTUHB_137	2	154,2744
OTUHB_142	2	159,495
OTUHB_138	2	155,2515
OTUHB_143	2	160,1457
OTUHB_139	1	156
OTUHB_144	1	161
OTUHB_200	4	225,454,2288,3587
OTUHB_145	4	163,1288,4304,2854
OTUHB_150	4	169,617,2314,2618
OTUHB_201	1	226
OTUHB_146	3	164,1566,2909
OTUHB_151	2	170,396
OTUHB_202	1	227
OTUHB_147	1	165
OTUHB_152	2	172,2059
OTUHB_203	1	228
OTUHB_148	3	166,1834,2802
OTUHB_153	2	173,2258
OTUHB_204	1	229
OTUHB_149	2	168,1062
OTUHB_154	1	174
OTUHB_210	1	236
OTUHB_205	1	230
OTUHB_155	2	176,4052
OTUHB_160	1	181
OTUHB_211	1	238
OTUHB_206	2	231,1110
OTUHB_156	3	177,1698,3906
OTUHB_161	2	182,2699
OTUHB_212	2	239,4209
OTUHB_207	1	232
OTUHB_157	1	178
OTUHB_162	2	183,1254
OTUHB_213	3	242,1862,3820
OTUHB_208	1	234
OTUHB_158	1	179
OTUHB_163	1	185
OTUHB_214	3	243,3655,3722
OTUHB_209	4	235,2418,3304,1920
OTUHB_159	1	180
OTUHB_164	3	186,2829,1432
OTUHB_220	2	249,728
OTUHB_215	1	244
OTUHB_165	1	187
OTUHB_170	2	193,3936
OTUHB_221	2	250,1379
OTUHB_216	1	245
OTUHB_166	1	189
OTUHB_171	2	194,3337
OTUHB_222	1	251
OTUHB_217	1	246
OTUHB_167	2	190,2109
OTUHB_172	2	195,3088
OTUHB_223	2	252,571
OTUHB_218	3	247,2659,2747
OTUHB_168	3	191,1095,4008
OTUHB_173	3	197,1756,2262
OTUHB_224	1	254
OTUHB_219	2	248,3619
OTUHB_169	3	192,1719,2130
OTUHB_174	2	198,4085
OTUHB_230	1	262
OTUHB_225	1	256
OTUHB_175	5	200,1939,2537,4364,2873
OTUHB_180	2	205,2118
OTUHB_231	2	263,1857
OTUHB_226	1	257
OTUHB_176	2	201,4352
OTUHB_181	1	206
OTUHB_232	1	264
OTUHB_227	1	259
OTUHB_177	1	202
OTUHB_182	1	207
OTUHB_233	1	265
OTUHB_228	1	260
OTUHB_178	1	203
OTUHB_183	2	208,1119
OTUHB_234	1	266
OTUHB_229	1	261
OTUHB_179	6	204,1263,2773,4093,4278,4330
OTUHB_184	1	209
OTUHB_240	2	274,2278
OTUHB_235	1	267
OTUHB_185	3	210,544,3761
OTUHB_190	2	215,1317
OTUHB_241	2	275,1157
OTUHB_236	2	268,3700
OTUHB_186	6	211,888,1309,3018,1358,2186
OTUHB_191	4	216,720,1193,2151
OTUHB_242	1	277
OTUHB_237	1	269
OTUHB_187	1	212
OTUHB_192	2	217,375
OTUHB_243	1	279
OTUHB_238	2	272,800
OTUHB_188	2	213,1522
OTUHB_193	1	218
OTUHB_244	2	280,2915
OTUHB_239	1	273
OTUHB_194	4	219,278,826,3739
OTUHB_189	2	214,1632
OTUHB_300	1	337
OTUHB_250	2	286,3094
OTUHB_245	2	281,1295
OTUHB_195	3	220,1936,2884
OTUHB_301	1	338
OTUHB_251	2	287,1283
OTUHB_246	1	282
OTUHB_196	1	221
OTUHB_302	1	339
OTUHB_252	2	288,1223
OTUHB_247	1	283
OTUHB_197	5	222,240,1185,1296,2544
OTUHB_303	2	340,3419
OTUHB_253	1	289
OTUHB_248	1	284
OTUHB_198	1	223
OTUHB_304	1	341
OTUHB_254	1	290
OTUHB_249	2	285,1552
OTUHB_199	2	224,2362
OTUHB_310	1	348
OTUHB_305	2	342,2076
OTUHB_260	3	296,1331,1332
OTUHB_255	1	291
OTUHB_311	2	349,2469
OTUHB_306	2	344,1580
OTUHB_261	1	297
OTUHB_256	2	292,2433
OTUHB_312	1	350
OTUHB_307	2	345,440
OTUHB_262	1	299
OTUHB_257	1	293
OTUHB_313	1	351
OTUHB_308	3	346,1206,2043
OTUHB_263	2	300,3927
OTUHB_258	6	294,929,1109,656,684,3560
OTUHB_314	2	352,3822
OTUHB_309	3	347,1408,3504
OTUHB_264	2	301,2374
OTUHB_259	2	295,957
OTUHB_320	1	359
OTUHB_315	1	353
OTUHB_270	1	307
OTUHB_265	1	302
OTUHB_321	2	360,3253
OTUHB_316	1	354
OTUHB_271	1	308
OTUHB_266	1	303
OTUHB_322	1	361
OTUHB_317	1	355
OTUHB_272	3	309,1518,3266
OTUHB_267	2	304,1500
OTUHB_323	1	362
OTUHB_318	1	356
OTUHB_273	1	310
OTUHB_268	3	305,1761,3793
OTUHB_324	1	364
OTUHB_319	1	357
OTUHB_274	1	311
OTUHB_269	2	306,3667
OTUHB_330	3	373,3119,3467
OTUHB_325	1	365
OTUHB_280	1	317
OTUHB_275	2	312,431
OTUHB_331	3	374,2732,3406
OTUHB_326	1	368
OTUHB_281	1	318
OTUHB_276	1	313
OTUHB_332	1	376
OTUHB_327	4	369,428,1608,2795
OTUHB_282	1	319
OTUHB_277	1	314
OTUHB_333	1	377
OTUHB_328	1	370
OTUHB_283	3	320,812,2432
OTUHB_278	3	315,986,2039
OTUHB_334	1	378
OTUHB_329	1	372
OTUHB_284	6	321,405,840,994,1308,1393
OTUHB_279	1	316
OTUHB_340	2	385,1948
OTUHB_335	1	379
OTUHB_290	1	327
OTUHB_285	4	322,669,3721,1084
OTUHB_341	1	386
OTUHB_336	1	380
OTUHB_291	3	328,3137,3264
OTUHB_286	2	323,2000
OTUHB_342	2	387,4350
OTUHB_337	1	381
OTUHB_292	1	329
OTUHB_287	3	324,3306,4119
OTUHB_343	2	388,1365
OTUHB_338	1	382
OTUHB_293	1	330
OTUHB_288	1	325
OTUHB_344	1	389
OTUHB_339	2	384,3514
OTUHB_294	1	331
OTUHB_289	1	326
OTUHB_350	1	395
OTUHB_345	2	390,2210
OTUHB_295	1	332
OTUHB_400	2	452,1495
OTUHB_351	2	397,3492
OTUHB_346	1	391
OTUHB_296	1	333
OTUHB_401	1	455
OTUHB_352	3	398,2055,1079
OTUHB_347	1	392
OTUHB_297	1	334
OTUHB_402	2	456,2919
OTUHB_353	2	399,2311
OTUHB_348	2	393,2769
OTUHB_298	1	335
OTUHB_403	1	457
OTUHB_354	5	400,453,1941,3770,2211
OTUHB_349	2	394,4363
OTUHB_299	1	336
OTUHB_404	2	458,3090
OTUHB_360	3	407,1070,563
OTUHB_355	1	401
OTUHB_405	2	459,1849
OTUHB_410	1	464
OTUHB_361	1	408
OTUHB_356	2	402,2863
OTUHB_406	2	460,1773
OTUHB_411	1	465
OTUHB_362	2	409,3356
OTUHB_357	2	403,2245
OTUHB_407	1	461
OTUHB_412	3	466,1327,4024
OTUHB_363	2	410,2704
OTUHB_358	1	404
OTUHB_408	1	462
OTUHB_413	3	467,725,3753
OTUHB_364	2	411,2850
OTUHB_359	1	406
OTUHB_409	1	463
OTUHB_414	1	468
OTUHB_370	1	418
OTUHB_365	3	412,1588,2452
OTUHB_415	1	469
OTUHB_420	2	474,3159
OTUHB_371	3	419,2197,2569
OTUHB_366	1	413
OTUHB_416	1	470
OTUHB_421	1	475
OTUHB_372	2	420,2669
OTUHB_367	2	415,4380
OTUHB_417	1	471
OTUHB_422	1	476
OTUHB_373	1	421
OTUHB_368	1	416
OTUHB_418	2	472,1601
OTUHB_423	1	477
OTUHB_374	1	422
OTUHB_369	1	417
OTUHB_419	1	473
OTUHB_424	1	478
OTUHB_380	1	430
OTUHB_375	1	423
OTUHB_425	1	479
OTUHB_381	1	432
OTUHB_376	1	424
OTUHB_426	1	480
OTUHB_382	1	433
OTUHB_377	1	425
OTUHB_383	2	434,2821
OTUHB_378	1	426
OTUHB_384	2	435,2804
OTUHB_379	3	429,2276,2355
OTUHB_385	2	436,3209
OTUHB_390	1	442
OTUHB_386	1	437
OTUHB_391	2	443,3080
OTUHB_387	1	438
OTUHB_392	1	444
OTUHB_388	2	439,3626
OTUHB_393	1	445
OTUHB_389	1	441
OTUHB_394	1	446
OTUHB_395	1	447
OTUHB_396	1	448
OTUHB_397	1	449
OTUHB_398	1	450
OTUHB_399	1	451
OTULB_430	1	484
OTULB_431	1	485
OTULB_427	4	481,567,1146,3895
OTULB_432	1	486
OTULB_428	1	482
OTULB_433	1	487
OTULB_429	3	483,922,1678
OTULB_434	3	488,2746,3454
OTULB_435	1	489
OTULB_440	2	494,3484
OTULB_436	3	490,2646,1154
OTULB_441	2	496,3441
OTULB_437	1	491
OTULB_442	1	497
OTULB_438	1	492
OTULB_443	2	498,573
OTULB_439	2	493,3961
OTULB_444	1	499
OTULB_445	2	500,1576
OTULB_450	1	506
OTULB_500	2	566,2490
OTULB_446	1	501
OTULB_451	1	507
OTULB_501	1	568
OTULB_447	1	503
OTULB_452	1	508
OTULB_502	1	569
OTULB_448	1	504
OTULB_453	1	509
OTULB_503	3	570,2357,2715
OTULB_449	1	505
OTULB_454	1	510
OTULB_504	1	572
OTULB_455	1	511
OTULB_460	1	517
OTULB_505	1	574
OTULB_510	1	580
OTULB_456	1	512
OTULB_461	1	519
OTULB_506	4	576,765,1006,1537
OTULB_511	1	581
OTULB_457	1	514
OTULB_462	1	520
OTULB_507	1	577
OTULB_512	1	582
OTULB_458	1	515
OTULB_463	1	522
OTULB_508	1	578
OTULB_513	5	583,1570,3488,943,3021
OTULB_459	1	516
OTULB_464	2	523,3788
OTULB_509	3	579,3861,4331
OTULB_514	1	584
OTULB_465	1	524
OTULB_470	1	529
OTULB_515	1	585
OTULB_520	1	591
OTULB_466	1	525
OTULB_471	1	530
OTULB_516	1	587
OTULB_521	4	592,2440,897,2348
OTULB_467	2	526,797
OTULB_472	1	531
OTULB_517	3	588,1330,3839
OTULB_522	1	593
OTULB_468	1	527
OTULB_473	1	532
OTULB_518	1	589
OTULB_523	2	594,3485
OTULB_469	1	528
OTULB_474	1	533
OTULB_519	1	590
OTULB_524	1	595
OTULB_475	1	534
OTULB_480	1	540
OTULB_525	1	596
OTULB_530	1	601
OTULB_476	2	535,4389
OTULB_481	1	541
OTULB_526	1	597
OTULB_531	1	602
OTULB_477	1	536
OTULB_482	1	543
OTULB_527	1	598
OTULB_532	2	603,3282
OTULB_478	3	537,3728,2188
OTULB_483	1	547
OTULB_528	1	599
OTULB_533	2	604,2777
OTULB_479	1	539
OTULB_484	1	548
OTULB_529	1	600
OTULB_534	2	605,3353
OTULB_485	2	549,3929
OTULB_490	1	555
OTULB_535	1	606
OTULB_540	1	611
OTULB_486	1	550
OTULB_491	3	556,1529,1585
OTULB_536	2	607,2345
OTULB_541	1	612
OTULB_487	3	551,1466,3742
OTULB_492	1	557
OTULB_537	3	608,3797,2559
OTULB_542	1	613
OTULB_488	1	552
OTULB_493	2	558,2179
OTULB_538	1	609
OTULB_543	1	614
OTULB_489	3	554,887,1436
OTULB_494	2	559,2935
OTULB_539	1	610
OTULB_544	4	615,3149,2801,4059
OTULB_495	1	560
OTULB_545	1	616
OTULB_550	1	624
OTULB_600	1	683
OTULB_496	2	561,1163
OTULB_546	1	618
OTULB_551	1	625
OTULB_601	1	685
OTULB_497	2	562,2729
OTULB_547	1	620
OTULB_552	2	626,2441
OTULB_602	1	686
OTULB_498	1	564
OTULB_548	1	622
OTULB_553	1	627
OTULB_603	1	687
OTULB_499	1	565
OTULB_549	1	623
OTULB_554	1	628
OTULB_604	2	688,2908
OTULB_555	1	629
OTULB_560	1	635
OTULB_605	1	689
OTULB_610	4	695,1709,1145,1991
OTULB_556	1	630
OTULB_561	3	637,2593,3941
OTULB_606	1	690
OTULB_611	1	697
OTULB_557	1	631
OTULB_562	1	638
OTULB_607	2	691,1336
OTULB_612	1	698
OTULB_558	1	632
OTULB_563	1	639
OTULB_608	2	693,1869
OTULB_613	1	699
OTULB_559	1	634
OTULB_564	1	640
OTULB_609	1	694
OTULB_614	1	700
OTULB_565	1	641
OTULB_570	1	646
OTULB_615	2	701,1459
OTULB_620	1	708
OTULB_566	1	642
OTULB_571	1	647
OTULB_616	3	702,4058,1510
OTULB_621	1	709
OTULB_567	1	643
OTULB_572	1	648
OTULB_617	2	705,2250
OTULB_622	4	710,2117,2602,734
OTULB_568	1	644
OTULB_573	1	649
OTULB_618	1	706
OTULB_623	1	711
OTULB_569	1	645
OTULB_574	1	650
OTULB_619	2	707,3461
OTULB_624	1	712
OTULB_575	4	651,940,2766,4068
OTULB_580	1	657
OTULB_625	1	713
OTULB_630	1	718
OTULB_576	1	652
OTULB_581	1	658
OTULB_626	1	714
OTULB_631	2	719,3370
OTULB_577	3	653,3490,3677
OTULB_582	1	659
OTULB_627	1	715
OTULB_632	1	721
OTULB_578	1	654
OTULB_583	1	660
OTULB_628	1	716
OTULB_633	1	722
OTULB_579	2	655,1262
OTULB_584	1	661
OTULB_629	1	717
OTULB_634	1	723
OTULB_585	1	662
OTULB_590	1	667
OTULB_635	2	724,3570
OTULB_640	2	731,1370
OTULB_586	1	663
OTULB_591	1	668
OTULB_636	1	726
OTULB_641	2	732,1826
OTULB_587	1	664
OTULB_592	1	671
OTULB_637	1	727
OTULB_642	1	733
OTULB_588	3	665,905,891
OTULB_593	1	672
OTULB_638	3	729,815,2312
OTULB_643	2	735,4400
OTULB_589	1	666
OTULB_594	1	673
OTULB_639	1	730
OTULB_644	2	736,2888
OTULB_595	1	674
OTULB_645	2	737,3258
OTULB_650	1	742
OTULB_700	2	798,829
OTULB_596	1	675
OTULB_646	1	738
OTULB_651	2	743,992
OTULB_701	2	799,2541
OTULB_597	1	680
OTULB_647	6	739,858,1266,2596,3640,3828
OTULB_652	1	744
OTULB_702	1	801
OTULB_598	1	681
OTULB_648	1	740
OTULB_653	2	745,4242
OTULB_703	2	802,3672
OTULB_599	1	682
OTULB_649	1	741
OTULB_654	1	746
OTULB_704	1	804
OTULB_655	1	747
OTULB_660	1	753
OTULB_705	1	805
OTULB_710	1	810
OTULB_656	1	749
OTULB_661	2	754,3524
OTULB_706	2	806,1569
OTULB_711	1	811
OTULB_657	1	750
OTULB_662	1	755
OTULB_707	1	807
OTULB_712	1	813
OTULB_658	1	751
OTULB_663	1	756
OTULB_708	1	808
OTULB_713	1	816
OTULB_659	2	752,1049
OTULB_664	1	757
OTULB_709	1	809
OTULB_714	1	817
OTULB_665	1	758
OTULB_670	1	763
OTULB_715	2	818,2905
OTULB_720	1	823
OTULB_666	1	759
OTULB_671	1	764
OTULB_716	1	819
OTULB_721	1	824
OTULB_667	1	760
OTULB_672	1	766
OTULB_717	1	820
OTULB_722	1	827
OTULB_668	1	761
OTULB_673	1	767
OTULB_718	1	821
OTULB_723	1	828
OTULB_669	2	762,1497
OTULB_674	2	768,3586
OTULB_719	1	822
OTULB_724	1	830
OTULB_675	1	769
OTULB_680	2	775,3571
OTULB_725	1	831
OTULB_730	3	836,1599,1960
OTULB_676	1	770
OTULB_681	1	776
OTULB_726	1	832
OTULB_731	3	837,3858,1234
OTULB_677	1	771
OTULB_682	1	777
OTULB_727	1	833
OTULB_732	2	838,4356
OTULB_678	1	772
OTULB_683	3	778,928,1289
OTULB_728	2	834,1496
OTULB_733	1	839
OTULB_679	1	773
OTULB_684	1	779
OTULB_729	1	835
OTULB_734	1	841
OTULB_685	1	781
OTULB_690	1	786
OTULB_735	1	842
OTULB_740	1	847
OTULB_686	1	782
OTULB_691	5	787,1685,2638,3984,4320
OTULB_736	1	843
OTULB_741	1	848
OTULB_687	1	783
OTULB_692	1	788
OTULB_737	2	844,2331
OTULB_742	3	849,868,3122
OTULB_688	1	784
OTULB_693	1	789
OTULB_738	2	845,2730
OTULB_743	1	850
OTULB_689	1	785
OTULB_694	1	790
OTULB_739	4	846,1582,2397,2831
OTULB_744	1	851
OTULB_800	2	921,1937
OTULB_695	1	791
OTULB_745	2	852,1868
OTULB_750	1	857
OTULB_801	1	923
OTULB_696	3	792,3323,1450
OTULB_746	1	853
OTULB_751	1	859
OTULB_802	1	924
OTULB_697	2	793,1479
OTULB_747	1	854
OTULB_752	1	860
OTULB_803	2	925,1978
OTULB_698	1	795
OTULB_748	2	855,2758
OTULB_753	2	861,4327
OTULB_804	1	926
OTULB_699	1	796
OTULB_749	1	856
OTULB_754	1	862
OTULB_810	1	935
OTULB_805	1	927
OTULB_755	3	863,3214,3343
OTULB_760	1	869
OTULB_811	2	936,3082
OTULB_806	5	930,1491,1781,4169,4359
OTULB_756	2	864,1555
OTULB_761	2	870,1140
OTULB_812	1	937
OTULB_807	1	931
OTULB_757	1	865
OTULB_762	1	871
OTULB_813	1	938
OTULB_808	1	933
OTULB_758	1	866
OTULB_763	1	872
OTULB_814	1	939
OTULB_809	1	934
OTULB_759	1	867
OTULB_764	1	875
OTULB_820	2	948,2968
OTULB_815	1	941
OTULB_770	2	882,4272
OTULB_765	2	876,3685
OTULB_821	1	949
OTULB_816	1	944
OTULB_771	2	883,2394
OTULB_766	1	877
OTULB_822	1	950
OTULB_817	4	945,2072,3783,3417
OTULB_772	3	884,4353,1800
OTULB_767	1	878
OTULB_823	1	951
OTULB_818	1	946
OTULB_773	3	885,942,1507
OTULB_768	1	879
OTULB_824	2	952,4067
OTULB_819	1	947
OTULB_774	1	889
OTULB_769	1	881
OTULB_830	1	959
OTULB_825	1	953
OTULB_780	1	898
OTULB_775	1	890
OTULB_831	1	962
OTULB_826	2	954,2696
OTULB_781	1	899
OTULB_776	1	893
OTULB_832	1	963
OTULB_827	1	955
OTULB_782	1	900
OTULB_777	1	894
OTULB_833	1	964
OTULB_828	1	956
OTULB_783	1	901
OTULB_778	1	895
OTULB_834	1	965
OTULB_829	2	958,2518
OTULB_784	1	902
OTULB_779	1	896
OTULB_840	1	971
OTULB_835	3	966,2822,3422
OTULB_790	1	909
OTULB_785	3	903,3078,3284
OTULB_841	1	972
OTULB_836	1	967
OTULB_791	1	910
OTULB_786	1	904
OTULB_842	1	973
OTULB_837	1	968
OTULB_792	1	911
OTULB_787	1	906
OTULB_843	1	974
OTULB_838	2	969,3438
OTULB_793	2	912,2429
OTULB_788	1	907
OTULB_844	1	975
OTULB_839	1	970
OTULB_794	2	913,3053
OTULB_789	1	908
OTULB_900	2	1042,2333
OTULB_850	1	982
OTULB_845	1	976
OTULB_795	3	914,1122,3807
OTULB_901	1	1043
OTULB_851	1	983
OTULB_846	1	978
OTULB_796	2	915,2389
OTULB_902	1	1044
OTULB_852	1	984
OTULB_847	2	979,1059
OTULB_797	1	918
OTULB_903	1	1045
OTULB_853	1	985
OTULB_848	1	980
OTULB_798	1	919
OTULB_904	1	1046
OTULB_854	2	987,1616
OTULB_849	1	981
OTULB_799	1	920
OTULB_910	1	1054
OTULB_905	1	1047
OTULB_860	1	996
OTULB_855	1	988
OTULB_911	1	1055
OTULB_906	1	1050
OTULB_861	4	997,4384,2762,3930
OTULB_856	1	989
OTULB_912	1	1056
OTULB_907	1	1051
OTULB_862	1	998
OTULB_857	1	990
OTULB_913	2	1057,3835
OTULB_908	1	1052
OTULB_863	1	1000
OTULB_858	2	991,4326
OTULB_914	1	1058
OTULB_909	1	1053
OTULB_864	1	1001
OTULB_859	1	993
OTULB_920	1	1066
OTULB_915	1	1060
OTULB_870	2	1008,4152
OTULB_865	1	1002
OTULB_921	1	1067
OTULB_916	1	1061
OTULB_871	1	1009
OTULB_866	1	1003
OTULB_922	1	1068
OTULB_917	1	1063
OTULB_872	3	1010,2218,1891
OTULB_867	1	1004
OTULB_923	1	1072
OTULB_918	2	1064,1894
OTULB_873	1	1011
OTULB_868	1	1005
OTULB_924	1	1073
OTULB_919	1	1065
OTULB_874	1	1012
OTULB_869	3	1007,3904,4056
OTULB_930	1	1080
OTULB_925	1	1074
OTULB_880	1	1018
OTULB_875	1	1013
OTULB_931	1	1085
OTULB_926	1	1075
OTULB_881	1	1019
OTULB_876	1	1014
OTULB_932	1	1086
OTULB_927	1	1076
OTULB_882	1	1020
OTULB_877	1	1015
OTULB_933	3	1087,4158,1788
OTULB_928	1	1077
OTULB_883	1	1022
OTULB_878	1	1016
OTULB_934	1	1088
OTULB_929	1	1078
OTULB_884	1	1023
OTULB_879	1	1017
OTULB_940	1	1098
OTULB_935	2	1089,2770
OTULB_890	1	1029
OTULB_885	2	1024,1499
OTULB_941	2	1099,2079
OTULB_936	1	1093
OTULB_891	2	1030,1755
OTULB_886	1	1025
OTULB_942	1	1100
OTULB_937	1	1094
OTULB_892	1	1031
OTULB_887	1	1026
OTULB_943	1	1101
OTULB_938	1	1096
OTULB_893	1	1032
OTULB_888	1	1027
OTULB_944	1	1102
OTULB_939	1	1097
OTULB_894	1	1033
OTULB_889	1	1028
OTULB_950	1	1112
OTULB_945	1	1103
OTULB_895	1	1034
OTULB_951	1	1113
OTULB_946	1	1105
OTULB_896	1	1035
OTULB_952	1	1114
OTULB_947	1	1106
OTULB_897	1	1038
OTULB_953	1	1115
OTULB_948	1	1107
OTULB_898	1	1039
OTULB_954	1	1116
OTULB_949	1	1108
OTULB_899	1	1041
OTULB_960	1	1124
OTULB_955	1	1117
OTULB_961	1	1125
OTULB_956	1	1118
OTULB_962	1	1126
OTULB_957	1	1120
OTULB_963	1	1127
OTULB_958	1	1121
OTULB_964	1	1128
OTULB_959	1	1123
OTULB_970	1	1135
OTULB_965	1	1129
OTULB_971	1	1136
OTULB_966	1	1130
OTULB_972	1	1137
OTULB_967	1	1131
OTULB_973	1	1138
OTULB_968	1	1133
OTULB_974	1	1141
OTULB_969	1	1134
OTULB_980	1	1151
OTULB_975	2	1143,1861
OTULB_981	1	1152
OTULB_976	1	1147
OTULB_982	1	1153
OTULB_977	2	1148,1386
OTULB_983	1	1155
OTULB_978	1	1149
OTULB_984	1	1156
OTULB_979	1	1150
OTULB_990	2	1165,1996
OTULB_985	1	1158
OTULB_991	1	1166
OTULB_986	2	1159,3683
OTULB_992	1	1167
OTULB_987	1	1160
OTULB_993	1	1168
OTULB_988	2	1161,1237
OTULB_994	1	1169
OTULB_989	2	1162,2201
OTULB_995	1	1170
OTULB_996	1	1171
OTULB_997	1	1172
OTULB_998	1	1173
OTULB_999	1	1174
OTULB_1000	1	1175
OTULB_1001	1	1176
OTULB_1002	1	1177
OTULB_1003	1	1178
OTULB_1004	1	1179
OTULB_1010	1	1186
OTULB_1005	1	1180
OTULB_1011	1	1187
OTULB_1006	1	1181
OTULB_1012	1	1188
OTULB_1007	3	1182,2041,1713
OTULB_1013	1	1190
OTULB_1008	1	1183
OTULB_1014	4	1191,3451,4228,2015
OTULB_1009	1	1184
OTULB_1020	1	1199
OTULB_1015	1	1192
OTULB_1021	1	1200
OTULB_1016	1	1194
OTULB_1022	3	1201,3671,2080
OTULB_1017	1	1195
OTULB_1023	1	1202
OTULB_1018	2	1197,2776
OTULB_1024	1	1204
OTULB_1019	1	1198
OTULB_1030	1	1213
OTULB_1025	1	1205
OTULB_1031	1	1214
OTULB_1026	1	1208
OTULB_1032	1	1215
OTULB_1027	1	1209
OTULB_1033	1	1216
OTULB_1028	1	1210
OTULB_1034	1	1217
OTULB_1029	1	1212
OTULB_1040	1	1224
OTULB_1035	1	1218
OTULB_1041	1	1225
OTULB_1036	1	1219
OTULB_1042	1	1226
OTULB_1037	1	1220
OTULB_1043	1	1227
OTULB_1038	1	1221
OTULB_1044	1	1228
OTULB_1039	1	1222
OTULB_1100	1	1299
OTULB_1050	1	1236
OTULB_1045	1	1230
OTULB_1101	3	1300,2859,4064
OTULB_1051	1	1239
OTULB_1046	1	1231
OTULB_1102	1	1301
OTULB_1052	1	1240
OTULB_1047	1	1232
OTULB_1103	1	1302
OTULB_1053	1	1241
OTULB_1048	1	1233
OTULB_1104	1	1303
OTULB_1054	1	1242
OTULB_1049	1	1235
OTULB_1110	1	1311
OTULB_1105	2	1304,3623
OTULB_1060	1	1248
OTULB_1055	1	1243
OTULB_1111	1	1312
OTULB_1106	1	1305
OTULB_1061	1	1249
OTULB_1056	2	1244,1985
OTULB_1112	1	1313
OTULB_1107	1	1306
OTULB_1062	1	1250
OTULB_1057	1	1245
OTULB_1113	1	1314
OTULB_1108	1	1307
OTULB_1063	1	1251
OTULB_1058	1	1246
OTULB_1114	1	1315
OTULB_1109	1	1310
OTULB_1064	1	1252
OTULB_1059	1	1247
OTULB_1120	1	1324
OTULB_1115	1	1318
OTULB_1070	1	1259
OTULB_1065	1	1253
OTULB_1121	2	1325,1355
OTULB_1116	1	1319
OTULB_1071	1	1260
OTULB_1066	1	1255
OTULB_1122	1	1326
OTULB_1117	1	1321
OTULB_1072	1	1261
OTULB_1067	1	1256
OTULB_1123	1	1328
OTULB_1118	2	1322,4161
OTULB_1073	1	1264
OTULB_1068	1	1257
OTULB_1124	2	1329,4217
OTULB_1119	1	1323
OTULB_1074	1	1265
OTULB_1069	1	1258
OTULB_1130	1	1339
OTULB_1125	1	1333
OTULB_1080	1	1272
OTULB_1075	1	1267
OTULB_1131	2	1340,2911
OTULB_1126	1	1334
OTULB_1081	1	1273
OTULB_1076	3	1268,3192,2583
OTULB_1132	1	1341
OTULB_1127	1	1335
OTULB_1082	1	1275
OTULB_1077	1	1269
OTULB_1133	1	1342
OTULB_1128	2	1337,1992
OTULB_1083	1	1276
OTULB_1078	1	1270
OTULB_1134	1	1343
OTULB_1129	1	1338
OTULB_1084	1	1278
OTULB_1079	1	1271
OTULB_1140	1	1350
OTULB_1135	1	1345
OTULB_1090	1	1285
OTULB_1085	1	1279
OTULB_1141	1	1351
OTULB_1136	2	1346,1462
OTULB_1091	3	1286,3244,1480
OTULB_1086	1	1280
OTULB_1142	1	1352
OTULB_1137	1	1347
OTULB_1092	1	1287
OTULB_1087	1	1281
OTULB_1143	1	1353
OTULB_1138	1	1348
OTULB_1093	1	1290
OTULB_1088	2	1282,3161
OTULB_1144	2	1354,3690
OTULB_1139	1	1349
OTULB_1094	1	1291
OTULB_1089	2	1284,1668
OTULB_1200	1	1427
OTULB_1150	1	1362
OTULB_1145	1	1356
OTULB_1095	1	1292
OTULB_1201	1	1428
OTULB_1151	1	1363
OTULB_1146	1	1357
OTULB_1096	1	1293
OTULB_1202	1	1429
OTULB_1152	1	1364
OTULB_1147	1	1359
OTULB_1097	1	1294
OTULB_1203	1	1430
OTULB_1153	1	1367
OTULB_1148	2	1360,2398
OTULB_1098	1	1297
OTULB_1204	1	1431
OTULB_1154	1	1368
OTULB_1149	1	1361
OTULB_1099	1	1298
OTULB_1210	2	1439,4087
OTULB_1205	1	1433
OTULB_1160	1	1376
OTULB_1155	1	1369
OTULB_1211	1	1440
OTULB_1206	1	1434
OTULB_1161	1	1377
OTULB_1156	1	1371
OTULB_1212	1	1441
OTULB_1207	2	1435,3825
OTULB_1162	1	1378
OTULB_1157	1	1372
OTULB_1213	1	1442
OTULB_1208	1	1437
OTULB_1163	1	1380
OTULB_1158	1	1373
OTULB_1214	1	1443
OTULB_1209	1	1438
OTULB_1164	1	1381
OTULB_1159	1	1374
OTULB_1220	4	1451,3545,3261,3902
OTULB_1215	1	1444
OTULB_1170	1	1391
OTULB_1165	1	1382
OTULB_1221	1	1452
OTULB_1216	1	1446
OTULB_1171	1	1392
OTULB_1166	1	1383
OTULB_1222	1	1453
OTULB_1217	1	1447
OTULB_1172	1	1394
OTULB_1167	1	1384
OTULB_1223	1	1454
OTULB_1218	1	1448
OTULB_1173	1	1395
OTULB_1168	1	1387
OTULB_1224	1	1455
OTULB_1219	1	1449
OTULB_1174	1	1397
OTULB_1169	1	1389
OTULB_1230	1	1467
OTULB_1225	1	1456
OTULB_1180	1	1403
OTULB_1175	1	1398
OTULB_1231	1	1468
OTULB_1226	1	1458
OTULB_1181	1	1405
OTULB_1176	1	1399
OTULB_1232	1	1469
OTULB_1227	2	1461,1701
OTULB_1182	1	1406
OTULB_1177	1	1400
OTULB_1233	1	1470
OTULB_1228	1	1463
OTULB_1183	1	1407
OTULB_1178	1	1401
OTULB_1234	1	1471
OTULB_1229	1	1465
OTULB_1184	2	1409,4290
OTULB_1179	1	1402
OTULB_1240	1	1481
OTULB_1235	1	1472
OTULB_1190	2	1415,2263
OTULB_1185	1	1410
OTULB_1241	3	1482,2889,1655
OTULB_1236	1	1473
OTULB_1191	3	1416,1643,2985
OTULB_1186	1	1411
OTULB_1242	1	1483
OTULB_1237	1	1475
OTULB_1192	1	1417
OTULB_1187	1	1412
OTULB_1243	1	1485
OTULB_1238	1	1477
OTULB_1193	1	1418
OTULB_1188	1	1413
OTULB_1244	1	1486
OTULB_1239	1	1478
OTULB_1194	1	1419
OTULB_1189	1	1414
OTULB_1300	1	1565
OTULB_1250	1	1493
OTULB_1245	1	1487
OTULB_1195	1	1420
OTULB_1301	1	1567
OTULB_1251	1	1498
OTULB_1246	1	1488
OTULB_1196	1	1421
OTULB_1302	1	1571
OTULB_1252	1	1501
OTULB_1247	1	1489
OTULB_1197	1	1422
OTULB_1303	1	1572
OTULB_1253	2	1502,2959
OTULB_1248	1	1490
OTULB_1198	1	1424
OTULB_1304	1	1574
OTULB_1254	1	1504
OTULB_1249	2	1492,2110
OTULB_1199	2	1425,4245
OTULB_1310	1	1586
OTULB_1305	1	1577
OTULB_1260	1	1512
OTULB_1255	1	1505
OTULB_1311	2	1587,2720
OTULB_1306	1	1578
OTULB_1261	1	1513
OTULB_1256	2	1506,2971
OTULB_1312	1	1589
OTULB_1307	1	1581
OTULB_1262	1	1514
OTULB_1257	1	1508
OTULB_1313	1	1590
OTULB_1308	1	1583
OTULB_1263	1	1515
OTULB_1258	1	1509
OTULB_1314	1	1591
OTULB_1309	1	1584
OTULB_1264	1	1517
OTULB_1259	1	1511
OTULB_1320	1	1598
OTULB_1315	2	1592,4151
OTULB_1270	1	1526
OTULB_1265	1	1520
OTULB_1321	2	1600,2439
OTULB_1316	4	1593,2752,3676,3995
OTULB_1271	1	1527
OTULB_1266	2	1521,3724
OTULB_1322	1	1602
OTULB_1317	1	1594
OTULB_1272	1	1528
OTULB_1267	1	1523
OTULB_1323	1	1603
OTULB_1318	1	1596
OTULB_1273	1	1530
OTULB_1268	1	1524
OTULB_1324	1	1604
OTULB_1319	1	1597
OTULB_1274	2	1531,3470
OTULB_1269	1	1525
OTULB_1330	1	1611
OTULB_1325	1	1605
OTULB_1280	1	1539
OTULB_1275	1	1532
OTULB_1331	1	1612
OTULB_1326	1	1606
OTULB_1281	3	1540,2378,1550
OTULB_1276	1	1533
OTULB_1332	1	1613
OTULB_1327	1	1607
OTULB_1282	1	1541
OTULB_1277	1	1534
OTULB_1333	1	1614
OTULB_1328	1	1609
OTULB_1283	1	1542
OTULB_1278	1	1535
OTULB_1334	1	1615
OTULB_1329	1	1610
OTULB_1284	1	1543
OTULB_1279	1	1538
OTULB_1340	1	1622
OTULB_1335	1	1617
OTULB_1290	1	1551
OTULB_1285	1	1544
OTULB_1341	1	1623
OTULB_1336	3	1618,2892,3572
OTULB_1291	1	1553
OTULB_1286	1	1545
OTULB_1342	2	1625,4289
OTULB_1337	2	1619,3391
OTULB_1292	1	1556
OTULB_1287	1	1546
OTULB_1343	1	1626
OTULB_1338	1	1620
OTULB_1293	1	1557
OTULB_1288	1	1547
OTULB_1344	1	1627
OTULB_1339	1	1621
OTULB_1294	1	1558
OTULB_1289	1	1548
OTULB_1400	1	1699
OTULB_1350	1	1634
OTULB_1345	1	1628
OTULB_1295	4	1559,3696,2664,3521
OTULB_1401	1	1700
OTULB_1351	1	1635
OTULB_1346	1	1629
OTULB_1296	1	1560
OTULB_1402	1	1702
OTULB_1352	1	1637
OTULB_1347	1	1630
OTULB_1297	1	1561
OTULB_1403	1	1703
OTULB_1353	1	1638
OTULB_1348	1	1631
OTULB_1298	1	1562
OTULB_1404	1	1704
OTULB_1354	1	1639
OTULB_1349	1	1633
OTULB_1299	1	1564
OTULB_1410	1	1712
OTULB_1405	1	1705
OTULB_1360	1	1646
OTULB_1355	1	1640
OTULB_1411	1	1714
OTULB_1406	1	1706
OTULB_1361	1	1648
OTULB_1356	1	1641
OTULB_1412	1	1716
OTULB_1407	1	1707
OTULB_1362	1	1649
OTULB_1357	1	1642
OTULB_1413	1	1717
OTULB_1408	2	1708,2815
OTULB_1363	1	1650
OTULB_1358	1	1644
OTULB_1414	1	1718
OTULB_1409	1	1711
OTULB_1364	1	1651
OTULB_1359	1	1645
OTULB_1420	1	1726
OTULB_1415	1	1720
OTULB_1370	1	1660
OTULB_1365	1	1652
OTULB_1421	2	1729,4057
OTULB_1416	1	1721
OTULB_1371	1	1661
OTULB_1366	1	1656
OTULB_1422	1	1730
OTULB_1417	1	1722
OTULB_1372	1	1662
OTULB_1367	1	1657
OTULB_1423	1	1731
OTULB_1418	1	1723
OTULB_1373	1	1663
OTULB_1368	1	1658
OTULB_1424	1	1732
OTULB_1419	1	1725
OTULB_1374	1	1664
OTULB_1369	1	1659
OTULB_1430	1	1739
OTULB_1425	1	1733
OTULB_1380	1	1671
OTULB_1375	1	1665
OTULB_1431	1	1740
OTULB_1426	1	1734
OTULB_1381	1	1672
OTULB_1376	1	1666
OTULB_1432	1	1741
OTULB_1427	1	1735
OTULB_1382	1	1673
OTULB_1377	2	1667,3008
OTULB_1433	1	1742
OTULB_1428	1	1737
OTULB_1383	1	1674
OTULB_1378	1	1669
OTULB_1434	2	1743,3802
OTULB_1429	1	1738
OTULB_1384	1	1675
OTULB_1379	1	1670
OTULB_1440	1	1750
OTULB_1435	1	1744
OTULB_1390	1	1684
OTULB_1385	1	1676
OTULB_1441	1	1751
OTULB_1436	1	1745
OTULB_1391	2	1686,3638
OTULB_1386	1	1677
OTULB_1442	1	1752
OTULB_1437	1	1746
OTULB_1392	1	1687
OTULB_1387	1	1679
OTULB_1443	1	1753
OTULB_1438	1	1747
OTULB_1393	2	1688,1947
OTULB_1388	1	1682
OTULB_1444	1	1757
OTULB_1439	1	1748
OTULB_1394	1	1689
OTULB_1389	1	1683
OTULB_1500	1	1822
OTULB_1450	1	1765
OTULB_1445	2	1758,2694
OTULB_1395	1	1691
OTULB_2000	1	2479
OTULB_1501	1	1823
OTULB_1451	1	1766
OTULB_1446	1	1759
OTULB_1396	1	1692
OTULB_2001	1	2481
OTULB_1502	1	1824
OTULB_1452	1	1767
OTULB_1447	1	1762
OTULB_1397	1	1693
OTULB_2002	2	2482,3653
OTULB_1503	1	1825
OTULB_1453	1	1768
OTULB_1448	1	1763
OTULB_1398	1	1696
OTULB_2003	1	2483
OTULB_1504	1	1827
OTULB_1454	1	1769
OTULB_1449	1	1764
OTULB_1399	1	1697
OTULB_2004	1	2485
OTULB_1510	1	1835
OTULB_1505	1	1828
OTULB_1460	1	1776
OTULB_1455	1	1770
OTULB_2005	2	2486,3099
OTULB_2010	1	2494
OTULB_1511	2	1836,3262
OTULB_1506	1	1829
OTULB_1461	1	1777
OTULB_1456	1	1771
OTULB_2006	1	2487
OTULB_2011	2	2495,3621
OTULB_1512	1	1837
OTULB_1507	2	1830,3227
OTULB_1462	1	1778
OTULB_1457	1	1772
OTULB_2007	2	2488,3251
OTULB_2012	2	2496,4088
OTULB_1513	1	1838
OTULB_1508	1	1831
OTULB_1463	3	1779,3044,3582
OTULB_1458	1	1774
OTULB_2008	1	2489
OTULB_2013	1	2497
OTULB_1514	1	1839
OTULB_1509	1	1833
OTULB_1464	1	1780
OTULB_1459	1	1775
OTULB_2009	1	2493
OTULB_2014	1	2498
OTULB_1520	1	1847
OTULB_1515	1	1840
OTULB_1470	1	1787
OTULB_1465	1	1782
OTULB_2015	2	2500,3313
OTULB_2020	1	2505
OTULB_1521	1	1848
OTULB_1516	1	1842
OTULB_1471	1	1789
OTULB_1466	1	1783
OTULB_2016	1	2501
OTULB_2021	1	2506
OTULB_1522	1	1850
OTULB_1517	1	1843
OTULB_1472	1	1790
OTULB_1467	1	1784
OTULB_2017	2	2502,3952
OTULB_2022	1	2507
OTULB_1523	1	1851
OTULB_1518	1	1844
OTULB_1473	1	1791
OTULB_1468	1	1785
OTULB_2018	1	2503
OTULB_2023	1	2509
OTULB_1524	4	1853,2128,3026,4317
OTULB_1519	2	1845,2632
OTULB_1474	1	1792
OTULB_1469	1	1786
OTULB_2019	1	2504
OTULB_2024	1	2510
OTULB_1530	1	1860
OTULB_1525	1	1854
OTULB_1480	1	1801
OTULB_1475	1	1794
OTULB_2025	1	2511
OTULB_2030	1	2520
OTULB_1531	1	1863
OTULB_1526	1	1855
OTULB_1481	2	1802,2695
OTULB_1476	1	1795
OTULB_2026	1	2512
OTULB_2031	1	2521
OTULB_1532	1	1864
OTULB_1527	1	1856
OTULB_1482	1	1803
OTULB_1477	1	1797
OTULB_2027	1	2513
OTULB_2032	1	2522
OTULB_1533	1	1865
OTULB_1528	1	1858
OTULB_1483	1	1804
OTULB_1478	1	1798
OTULB_2028	1	2514
OTULB_2033	1	2523
OTULB_1534	1	1866
OTULB_1529	1	1859
OTULB_1484	2	1805,2320
OTULB_1479	1	1799
OTULB_2029	1	2516
OTULB_2034	1	2524
OTULB_1540	1	1875
OTULB_1535	2	1867,4171
OTULB_1490	2	1811,2741
OTULB_1485	1	1806
OTULB_2035	1	2525
OTULB_2040	2	2530,2865
OTULB_1541	1	1876
OTULB_1536	2	1870,3643
OTULB_1491	1	1812
OTULB_1486	2	1807,4270
OTULB_2036	1	2526
OTULB_2041	1	2531
OTULB_1542	1	1877
OTULB_1537	2	1871,3064
OTULB_1492	1	1813
OTULB_1487	1	1808
OTULB_2037	1	2527
OTULB_2042	1	2532
OTULB_1543	1	1878
OTULB_1538	1	1873
OTULB_1493	1	1814
OTULB_1488	1	1809
OTULB_2038	1	2528
OTULB_2043	1	2534
OTULB_1539	1	1874
OTULB_1494	2	1815,4090
OTULB_1489	1	1810
OTULB_1544	1	1879
OTULB_2039	1	2529
OTULB_2044	1	2535
OTULB_1495	1	1817
OTULB_1545	1	1880
OTULB_1550	1	1889
OTULB_1600	1	1953
OTULB_2045	2	2536,4223
OTULB_2050	2	2543,3637
OTULB_2100	1	2611
OTULB_1496	1	1818
OTULB_1546	1	1881
OTULB_1551	1	1890
OTULB_1601	1	1954
OTULB_2046	1	2538
OTULB_2051	1	2545
OTULB_2101	1	2613
OTULB_1497	2	1819,2402
OTULB_1547	1	1882
OTULB_1552	1	1892
OTULB_1602	1	1955
OTULB_2047	1	2539
OTULB_2052	1	2546
OTULB_2102	1	2614
OTULB_1498	2	1820,2104
OTULB_1548	1	1885
OTULB_1553	1	1893
OTULB_1603	1	1956
OTULB_2048	1	2540
OTULB_2053	1	2548
OTULB_2103	1	2615
OTULB_1499	1	1821
OTULB_1549	1	1886
OTULB_1554	1	1895
OTULB_1604	1	1957
OTULB_2049	1	2542
OTULB_2054	1	2549
OTULB_2104	1	2616
OTULB_1555	1	1897
OTULB_1560	1	1903
OTULB_1605	1	1958
OTULB_1610	1	1966
OTULB_2055	1	2550
OTULB_2060	1	2555
OTULB_2105	1	2619
OTULB_2110	1	2624
OTULB_1556	1	1898
OTULB_1561	1	1904
OTULB_1606	1	1959
OTULB_1611	1	1967
OTULB_2056	1	2551
OTULB_2061	1	2556
OTULB_2106	1	2620
OTULB_2111	1	2625
OTULB_1557	1	1900
OTULB_1562	1	1905
OTULB_1607	1	1962
OTULB_1612	1	1968
OTULB_2057	1	2552
OTULB_2062	1	2557
OTULB_2107	1	2621
OTULB_2112	1	2626
OTULB_1558	1	1901
OTULB_1563	2	1907,3260
OTULB_1608	1	1963
OTULB_1613	1	1969
OTULB_2058	1	2553
OTULB_2063	1	2558
OTULB_2108	1	2622
OTULB_2113	1	2627
OTULB_1559	1	1902
OTULB_1564	1	1908
OTULB_1609	1	1965
OTULB_1614	1	1970
OTULB_2059	1	2554
OTULB_2064	1	2560
OTULB_2109	1	2623
OTULB_2114	1	2628
OTULB_1565	3	1909,2379,2519
OTULB_1570	1	1914
OTULB_1615	1	1971
OTULB_1620	2	1976,3167
OTULB_2065	1	2562
OTULB_2070	2	2571,3009
OTULB_2115	1	2629
OTULB_2120	2	2635,4342
OTULB_1566	1	1910
OTULB_1571	1	1915
OTULB_1616	1	1972
OTULB_1621	1	1977
OTULB_2066	1	2563
OTULB_2071	1	2572
OTULB_2116	1	2630
OTULB_2121	1	2636
OTULB_1567	1	1911
OTULB_1572	1	1916
OTULB_1617	1	1973
OTULB_1622	2	1979,2047
OTULB_2067	2	2565,3085
OTULB_2072	1	2573
OTULB_2117	2	2631,3782
OTULB_2122	1	2637
OTULB_1568	1	1912
OTULB_1573	1	1917
OTULB_1618	1	1974
OTULB_1623	1	1980
OTULB_2068	1	2566
OTULB_2073	1	2574
OTULB_2118	1	2633
OTULB_2123	2	2640,3552
OTULB_1569	1	1913
OTULB_1574	1	1918
OTULB_1619	1	1975
OTULB_1624	1	1981
OTULB_2069	1	2568
OTULB_2074	1	2575
OTULB_2119	1	2634
OTULB_2124	1	2641
OTULB_1575	2	1919,3120
OTULB_1580	2	1925,3576
OTULB_1625	1	1982
OTULB_1630	2	1988,2567
OTULB_2075	1	2576
OTULB_2080	1	2582
OTULB_2125	1	2642
OTULB_2130	1	2649
OTULB_1576	1	1921
OTULB_1581	2	1926,3027
OTULB_1626	1	1983
OTULB_1631	1	1990
OTULB_2076	1	2577
OTULB_2081	1	2584
OTULB_2126	1	2643
OTULB_2131	1	2650
OTULB_1577	2	1922,4305
OTULB_1582	1	1927
OTULB_1627	1	1984
OTULB_1632	1	1993
OTULB_2077	1	2578
OTULB_2082	2	2585,3965
OTULB_2127	1	2644
OTULB_2132	1	2651
OTULB_1578	1	1923
OTULB_1583	1	1928
OTULB_1628	1	1986
OTULB_1633	1	1994
OTULB_2078	1	2579
OTULB_2083	1	2587
OTULB_2128	1	2647
OTULB_2133	1	2652
OTULB_1579	1	1924
OTULB_1584	1	1929
OTULB_1629	1	1987
OTULB_1634	1	1995
OTULB_2079	1	2580
OTULB_2084	1	2588
OTULB_2129	1	2648
OTULB_2134	1	2653
OTULB_1585	3	1931,2227,2671
OTULB_1590	1	1938
OTULB_1635	4	1997,3735,2564,3748
OTULB_1640	2	2004,2787
OTULB_2085	1	2589
OTULB_2090	1	2598
OTULB_2135	1	2655
OTULB_2140	1	2661
OTULB_1586	1	1932
OTULB_1591	1	1940
OTULB_1636	2	1998,4243
OTULB_1641	1	2005
OTULB_2086	1	2590
OTULB_2091	1	2599
OTULB_2136	1	2656
OTULB_2141	1	2662
OTULB_1587	1	1933
OTULB_1592	1	1942
OTULB_1637	1	1999
OTULB_1642	1	2006
OTULB_2087	1	2592
OTULB_2092	1	2601
OTULB_2137	1	2657
OTULB_2142	1	2665
OTULB_1588	1	1934
OTULB_1593	1	1943
OTULB_1638	1	2001
OTULB_1643	1	2007
OTULB_2088	1	2595
OTULB_2093	1	2604
OTULB_2138	2	2658,3899
OTULB_2143	1	2666
OTULB_1589	1	1935
OTULB_1594	2	1944,2235
OTULB_1639	1	2003
OTULB_1644	1	2008
OTULB_2089	1	2597
OTULB_2094	1	2605
OTULB_2139	1	2660
OTULB_2144	1	2667
OTULB_1595	1	1945
OTULB_1645	1	2009
OTULB_1650	1	2016
OTULB_1700	1	2082
OTULB_2095	1	2606
OTULB_2145	1	2668
OTULB_2150	1	2675
OTULB_2200	1	2751
OTULB_1596	1	1949
OTULB_1646	1	2010
OTULB_1651	1	2017
OTULB_1701	1	2083
OTULB_2096	1	2607
OTULB_2146	1	2670
OTULB_2151	1	2677
OTULB_2201	1	2755
OTULB_1597	1	1950
OTULB_1647	1	2011
OTULB_1652	1	2018
OTULB_1702	1	2084
OTULB_2097	1	2608
OTULB_2147	1	2672
OTULB_2152	1	2679
OTULB_2202	1	2756
OTULB_1598	1	1951
OTULB_1648	1	2012
OTULB_1653	1	2019
OTULB_1703	1	2085
OTULB_2098	1	2609
OTULB_2148	1	2673
OTULB_2153	1	2680
OTULB_2203	2	2757,2809
OTULB_1599	2	1952,2639
OTULB_1649	1	2013
OTULB_1654	2	2021,2221
OTULB_1704	1	2086
OTULB_2099	1	2610
OTULB_2149	1	2674
OTULB_2154	1	2681
OTULB_2204	1	2759
OTULB_1655	1	2022
OTULB_1660	1	2029
OTULB_1705	1	2088
OTULB_1710	1	2093
OTULB_2155	1	2682
OTULB_2160	1	2687
OTULB_2205	1	2761
OTULB_2210	1	2768
OTULB_1656	1	2023
OTULB_1661	1	2030
OTULB_1706	2	2089,2663
OTULB_1711	2	2094,4141
OTULB_2156	1	2683
OTULB_2161	1	2689
OTULB_2206	2	2763,3471
OTULB_2211	1	2771
OTULB_1657	1	2025
OTULB_1662	1	2031
OTULB_1707	1	2090
OTULB_1712	1	2095
OTULB_2157	1	2684
OTULB_2162	2	2690,2827
OTULB_2207	1	2764
OTULB_2212	1	2772
OTULB_1658	2	2027,3346
OTULB_1663	1	2032
OTULB_1708	1	2091
OTULB_1713	1	2096
OTULB_2158	1	2685
OTULB_2163	1	2691
OTULB_2208	1	2765
OTULB_2213	1	2774
OTULB_1659	1	2028
OTULB_1664	1	2033
OTULB_1709	1	2092
OTULB_1714	1	2097
OTULB_2159	1	2686
OTULB_2164	1	2692
OTULB_2209	1	2767
OTULB_2214	1	2778
OTULB_1665	1	2035
OTULB_1670	2	2042,2701
OTULB_1715	1	2098
OTULB_1720	1	2105
OTULB_2165	1	2693
OTULB_2170	1	2703
OTULB_2215	1	2779
OTULB_2220	1	2785
OTULB_1666	1	2036
OTULB_1671	1	2044
OTULB_1716	1	2099
OTULB_1721	1	2106
OTULB_2166	1	2697
OTULB_2171	1	2705
OTULB_2216	1	2780
OTULB_2221	1	2789
OTULB_1667	1	2037
OTULB_1672	1	2045
OTULB_1717	1	2101
OTULB_1722	1	2107
OTULB_2167	1	2698
OTULB_2172	2	2706,3037
OTULB_2217	1	2781
OTULB_2222	1	2790
OTULB_1668	1	2038
OTULB_1673	1	2046
OTULB_1718	1	2102
OTULB_1723	1	2108
OTULB_2168	1	2700
OTULB_2173	1	2707
OTULB_2218	1	2782
OTULB_2223	1	2792
OTULB_1669	1	2040
OTULB_1674	1	2048
OTULB_1719	1	2103
OTULB_1724	1	2111
OTULB_2169	1	2702
OTULB_2174	1	2710
OTULB_2219	1	2783
OTULB_2224	1	2793
OTULB_1675	1	2049
OTULB_1680	1	2054
OTULB_1725	1	2112
OTULB_1730	2	2121,3494
OTULB_2175	1	2711
OTULB_2180	1	2717
OTULB_2225	1	2794
OTULB_2230	1	2803
OTULB_1676	1	2050
OTULB_1681	1	2056
OTULB_1726	2	2113,2788
OTULB_1731	1	2123
OTULB_2176	1	2712
OTULB_2181	2	2718,3976
OTULB_2226	1	2796
OTULB_2231	2	2805,3812
OTULB_1677	1	2051
OTULB_1682	1	2057
OTULB_1727	1	2114
OTULB_1732	1	2125
OTULB_2177	1	2713
OTULB_2182	1	2719
OTULB_2227	1	2797
OTULB_2232	1	2806
OTULB_1678	1	2052
OTULB_1683	1	2058
OTULB_1728	1	2115
OTULB_1733	1	2126
OTULB_2178	1	2714
OTULB_2183	2	2721,3864
OTULB_2228	1	2798
OTULB_2233	2	2807,4255
OTULB_1679	1	2053
OTULB_1684	1	2060
OTULB_1729	1	2119
OTULB_1734	1	2127
OTULB_2179	1	2716
OTULB_2184	1	2722
OTULB_2229	1	2800
OTULB_2234	2	2808,3199
OTULB_1685	1	2061
OTULB_1690	1	2066
OTULB_1735	1	2129
OTULB_1740	1	2135
OTULB_2185	1	2723
OTULB_2190	1	2734
OTULB_2235	1	2810
OTULB_2240	1	2816
OTULB_1686	1	2062
OTULB_1691	1	2067
OTULB_1736	1	2131
OTULB_1741	1	2136
OTULB_2186	1	2726
OTULB_2191	2	2737,4029
OTULB_2236	1	2811
OTULB_2241	1	2817
OTULB_1687	1	2063
OTULB_1692	1	2068
OTULB_1737	1	2132
OTULB_1742	1	2137
OTULB_2187	1	2727
OTULB_2192	1	2739
OTULB_2237	1	2812
OTULB_2242	1	2818
OTULB_1688	1	2064
OTULB_1693	1	2069
OTULB_1738	1	2133
OTULB_1743	1	2138
OTULB_2188	1	2731
OTULB_2193	1	2740
OTULB_2238	1	2813
OTULB_2243	1	2819
OTULB_1689	1	2065
OTULB_1694	1	2071
OTULB_1739	1	2134
OTULB_1744	1	2139
OTULB_2189	1	2733
OTULB_2194	1	2742
OTULB_2239	1	2814
OTULB_2244	1	2820
OTULB_1695	1	2073
OTULB_1745	1	2140
OTULB_1750	1	2145
OTULB_1800	1	2208
OTULB_2195	1	2743
OTULB_2245	1	2823
OTULB_2250	1	2832
OTULB_2300	1	2897
OTULB_1696	1	2074
OTULB_1746	1	2141
OTULB_1751	1	2146
OTULB_1801	1	2212
OTULB_2196	1	2745
OTULB_2246	1	2824
OTULB_2251	1	2833
OTULB_2301	1	2898
OTULB_1697	1	2075
OTULB_1747	1	2142
OTULB_1752	1	2147
OTULB_1802	1	2213
OTULB_2197	1	2748
OTULB_2247	1	2825
OTULB_2252	1	2835
OTULB_2302	1	2899
OTULB_1698	1	2077
OTULB_1748	1	2143
OTULB_1753	1	2148
OTULB_1803	1	2214
OTULB_2198	1	2749
OTULB_2248	1	2828
OTULB_2253	1	2836
OTULB_2303	2	2900,3252
OTULB_1699	1	2081
OTULB_1749	1	2144
OTULB_1754	1	2149
OTULB_1804	1	2215
OTULB_2199	2	2750,3130
OTULB_2249	1	2830
OTULB_2254	1	2838
OTULB_2304	1	2903
OTULB_1755	1	2150
OTULB_1760	2	2156,2799
OTULB_1805	1	2217
OTULB_1810	1	2224
OTULB_2255	1	2839
OTULB_2260	2	2844,3583
OTULB_2305	1	2904
OTULB_2310	1	2914
OTULB_1756	1	2152
OTULB_1761	1	2158
OTULB_1806	4	2219,2826,2492,3055
OTULB_1811	1	2225
OTULB_2256	1	2840
OTULB_2261	1	2845
OTULB_2306	1	2907
OTULB_2311	1	2916
OTULB_1757	1	2153
OTULB_1762	1	2159
OTULB_1807	1	2220
OTULB_1812	1	2228
OTULB_2257	1	2841
OTULB_2262	1	2846
OTULB_2307	1	2910
OTULB_2312	1	2917
OTULB_1758	1	2154
OTULB_1763	1	2160
OTULB_1808	1	2222
OTULB_1813	1	2229
OTULB_2258	1	2842
OTULB_2263	1	2847
OTULB_2308	1	2912
OTULB_2313	1	2918
OTULB_1759	1	2155
OTULB_1764	1	2161
OTULB_1809	1	2223
OTULB_1814	1	2230
OTULB_2259	1	2843
OTULB_2264	1	2848
OTULB_2309	1	2913
OTULB_2314	1	2920
OTULB_1765	1	2163
OTULB_1770	1	2168
OTULB_1815	1	2231
OTULB_1820	1	2239
OTULB_2265	1	2849
OTULB_2270	1	2856
OTULB_2315	1	2921
OTULB_2320	1	2927
OTULB_1766	1	2164
OTULB_1771	1	2169
OTULB_1816	1	2232
OTULB_1821	1	2240
OTULB_2266	1	2851
OTULB_2271	1	2857
OTULB_2316	1	2922
OTULB_2321	1	2928
OTULB_1767	1	2165
OTULB_1772	1	2171
OTULB_1817	1	2234
OTULB_1822	1	2241
OTULB_2267	1	2852
OTULB_2272	1	2858
OTULB_2317	1	2923
OTULB_2322	1	2929
OTULB_1768	3	2166,3186,2654
OTULB_1773	1	2172
OTULB_1818	1	2236
OTULB_1823	1	2242
OTULB_2268	1	2853
OTULB_2273	1	2860
OTULB_2318	1	2925
OTULB_2323	1	2930
OTULB_1769	1	2167
OTULB_1774	1	2174
OTULB_1819	1	2237
OTULB_1824	1	2243
OTULB_2269	1	2855
OTULB_2274	1	2861
OTULB_2319	2	2926,3624
OTULB_2324	3	2931,3960,3897
OTULB_1775	1	2175
OTULB_1780	1	2182
OTULB_1825	1	2244
OTULB_1830	1	2251
OTULB_2275	1	2862
OTULB_2280	1	2869
OTULB_2325	1	2932
OTULB_2330	1	2938
OTULB_1776	1	2176
OTULB_1781	1	2183
OTULB_1826	1	2246
OTULB_1831	1	2252
OTULB_2276	1	2864
OTULB_2281	1	2870
OTULB_2326	1	2933
OTULB_2331	1	2939
OTULB_1777	1	2177
OTULB_1782	1	2184
OTULB_1827	1	2247
OTULB_1832	1	2253
OTULB_2277	1	2866
OTULB_2282	1	2871
OTULB_2327	1	2934
OTULB_2332	1	2940
OTULB_1778	1	2178
OTULB_1783	1	2185
OTULB_1828	1	2248
OTULB_1833	1	2254
OTULB_2278	1	2867
OTULB_2283	1	2872
OTULB_2328	1	2936
OTULB_2333	1	2941
OTULB_1779	1	2180
OTULB_1784	1	2187
OTULB_1829	1	2249
OTULB_1834	1	2255
OTULB_2279	1	2868
OTULB_2284	1	2875
OTULB_2329	1	2937
OTULB_2334	1	2942
OTULB_1785	1	2189
OTULB_1790	2	2195,3892
OTULB_1835	1	2256
OTULB_1840	1	2266
OTULB_2285	2	2876,3608
OTULB_2290	1	2881
OTULB_2335	1	2943
OTULB_2340	1	2948
OTULB_1786	1	2190
OTULB_1791	1	2196
OTULB_1836	1	2257
OTULB_1841	1	2267
OTULB_2286	1	2877
OTULB_2291	1	2882
OTULB_2336	1	2944
OTULB_2341	1	2950
OTULB_1787	1	2192
OTULB_1792	1	2198
OTULB_1837	1	2259
OTULB_1842	1	2268
OTULB_2287	1	2878
OTULB_2292	1	2883
OTULB_2337	1	2945
OTULB_2342	1	2951
OTULB_1788	1	2193
OTULB_1793	1	2199
OTULB_1838	1	2261
OTULB_1843	1	2269
OTULB_2288	1	2879
OTULB_2293	1	2885
OTULB_2338	1	2946
OTULB_2343	1	2952
OTULB_1789	1	2194
OTULB_1794	1	2200
OTULB_1839	1	2264
OTULB_1844	1	2273
OTULB_2289	1	2880
OTULB_2294	1	2886
OTULB_2339	1	2947
OTULB_2344	3	2953,3842,3245
OTULB_1795	1	2202
OTULB_1845	1	2274
OTULB_1850	1	2283
OTULB_1900	1	2346
OTULB_2295	1	2887
OTULB_2345	1	2954
OTULB_2350	1	2960
OTULB_2400	1	3020
OTULB_1796	1	2203
OTULB_1846	1	2275
OTULB_1851	1	2285
OTULB_1901	1	2347
OTULB_2296	1	2891
OTULB_2346	1	2955
OTULB_2351	1	2961
OTULB_2401	1	3022
OTULB_1797	1	2205
OTULB_1847	1	2279
OTULB_1852	1	2286
OTULB_1902	1	2349
OTULB_2297	1	2893
OTULB_2347	1	2956
OTULB_2352	1	2962
OTULB_2402	1	3023
OTULB_1798	1	2206
OTULB_1848	1	2280
OTULB_1853	1	2289
OTULB_1903	1	2350
OTULB_2298	2	2894,3084
OTULB_2348	1	2957
OTULB_2353	1	2964
OTULB_2403	1	3024
OTULB_1799	1	2207
OTULB_1849	1	2282
OTULB_1854	1	2290
OTULB_1904	1	2351
OTULB_2299	1	2896
OTULB_2349	1	2958
OTULB_2354	1	2965
OTULB_2404	1	3028
OTULB_1855	1	2291
OTULB_1860	1	2296
OTULB_1905	1	2352
OTULB_1910	1	2359
OTULB_2355	1	2966
OTULB_2360	1	2973
OTULB_2405	1	3029
OTULB_2410	1	3034
OTULB_1856	1	2292
OTULB_1861	1	2297
OTULB_1906	1	2353
OTULB_1911	1	2360
OTULB_2356	1	2967
OTULB_2361	1	2974
OTULB_2406	1	3030
OTULB_2411	1	3035
OTULB_1857	1	2293
OTULB_1862	1	2298
OTULB_1907	1	2354
OTULB_1912	1	2361
OTULB_2357	1	2969
OTULB_2362	1	2975
OTULB_2407	1	3031
OTULB_2412	1	3038
OTULB_1858	1	2294
OTULB_1863	1	2299
OTULB_1908	1	2356
OTULB_1913	1	2363
OTULB_2358	1	2970
OTULB_2363	1	2976
OTULB_2408	1	3032
OTULB_2413	1	3039
OTULB_1859	1	2295
OTULB_1864	1	2300
OTULB_1909	1	2358
OTULB_1914	1	2365
OTULB_2359	1	2972
OTULB_2364	1	2977
OTULB_2409	1	3033
OTULB_2414	1	3040
OTULB_1865	1	2301
OTULB_1870	1	2306
OTULB_1915	1	2366
OTULB_1920	1	2372
OTULB_2365	1	2978
OTULB_2370	1	2983
OTULB_2415	1	3041
OTULB_2420	1	3048
OTULB_1866	1	2302
OTULB_1871	1	2307
OTULB_1916	1	2367
OTULB_1921	1	2373
OTULB_2366	1	2979
OTULB_2371	1	2984
OTULB_2416	1	3042
OTULB_2421	1	3049
OTULB_1867	1	2303
OTULB_1872	1	2308
OTULB_1917	1	2368
OTULB_1922	1	2375
OTULB_2367	1	2980
OTULB_2372	1	2986
OTULB_2417	1	3043
OTULB_2422	1	3050
OTULB_1868	1	2304
OTULB_1873	2	2313,2491
OTULB_1918	1	2369
OTULB_1923	1	2376
OTULB_2368	1	2981
OTULB_2373	1	2987
OTULB_2418	1	3046
OTULB_2423	1	3051
OTULB_1869	1	2305
OTULB_1874	1	2315
OTULB_1919	1	2371
OTULB_1924	1	2377
OTULB_2369	1	2982
OTULB_2374	1	2988
OTULB_2419	1	3047
OTULB_2424	1	3054
OTULB_1875	1	2316
OTULB_1880	1	2322
OTULB_1925	1	2380
OTULB_1930	1	2386
OTULB_2375	1	2989
OTULB_2380	1	2994
OTULB_2425	1	3056
OTULB_2430	2	3061,3756
OTULB_1876	1	2317
OTULB_1881	1	2323
OTULB_1926	1	2381
OTULB_1931	1	2387
OTULB_2376	1	2990
OTULB_2381	1	2995
OTULB_2426	1	3057
OTULB_2431	1	3062
OTULB_1877	1	2318
OTULB_1882	1	2324
OTULB_1927	1	2382
OTULB_1932	1	2388
OTULB_2377	1	2991
OTULB_2382	1	2996
OTULB_2427	1	3058
OTULB_2432	1	3063
OTULB_1878	1	2319
OTULB_1883	1	2325
OTULB_1928	1	2384
OTULB_1933	1	2390
OTULB_2378	1	2992
OTULB_2383	1	2998
OTULB_2428	1	3059
OTULB_2433	1	3065
OTULB_1879	1	2321
OTULB_1884	1	2326
OTULB_1929	1	2385
OTULB_1934	1	2393
OTULB_2379	1	2993
OTULB_2384	1	3000
OTULB_2429	1	3060
OTULB_2434	1	3066
OTULB_1885	1	2327
OTULB_1890	1	2334
OTULB_1935	1	2395
OTULB_1940	1	2403
OTULB_2385	1	3001
OTULB_2390	1	3006
OTULB_2435	1	3067
OTULB_2440	1	3072
OTULB_1886	2	2328,2963
OTULB_1891	1	2335
OTULB_1936	1	2396
OTULB_1941	1	2404
OTULB_2386	1	3002
OTULB_2391	1	3007
OTULB_2436	1	3068
OTULB_2441	1	3073
OTULB_1887	2	2329,3036
OTULB_1892	1	2337
OTULB_1937	1	2399
OTULB_1942	2	2405,3393
OTULB_2387	1	3003
OTULB_2392	1	3010
OTULB_2437	1	3069
OTULB_2442	1	3074
OTULB_1888	1	2330
OTULB_1893	2	2338,3377
OTULB_1938	1	2400
OTULB_1943	1	2406
OTULB_2388	1	3004
OTULB_2393	1	3011
OTULB_2438	1	3070
OTULB_2443	1	3076
OTULB_1889	1	2332
OTULB_1894	1	2339
OTULB_1939	1	2401
OTULB_1944	1	2407
OTULB_2389	1	3005
OTULB_2394	1	3012
OTULB_2439	1	3071
OTULB_2444	1	3077
OTULB_1895	1	2340
OTULB_1945	1	2408
OTULB_1950	1	2413
OTULB_2395	1	3014
OTULB_2445	1	3079
OTULB_2450	1	3089
OTULB_2500	1	3158
OTULB_3000	1	3868
OTULB_1896	1	2341
OTULB_1946	1	2409
OTULB_1951	1	2414
OTULB_2396	1	3015
OTULB_2446	1	3081
OTULB_2451	1	3091
OTULB_2501	1	3163
OTULB_3001	1	3869
OTULB_1897	1	2342
OTULB_1947	1	2410
OTULB_1952	1	2415
OTULB_2397	1	3016
OTULB_2447	1	3083
OTULB_2452	2	3093,3362
OTULB_2502	1	3164
OTULB_3002	1	3870
OTULB_1898	1	2343
OTULB_1948	1	2411
OTULB_1953	1	2416
OTULB_2398	1	3017
OTULB_2448	1	3086
OTULB_2453	1	3095
OTULB_2503	1	3165
OTULB_3003	1	3871
OTULB_1899	2	2344,3661
OTULB_1949	1	2412
OTULB_1954	3	2417,2688,3634
OTULB_2399	1	3019
OTULB_2449	1	3087
OTULB_2454	1	3096
OTULB_2504	1	3166
OTULB_3004	1	3873
OTULB_1955	1	2419
OTULB_1960	1	2426
OTULB_2455	1	3097
OTULB_2460	1	3103
OTULB_2505	1	3168
OTULB_2510	1	3174
OTULB_3005	1	3874
OTULB_3010	1	3879
OTULB_1956	1	2420
OTULB_1961	1	2427
OTULB_2456	1	3098
OTULB_2461	1	3104
OTULB_2506	1	3169
OTULB_2511	1	3175
OTULB_3006	1	3875
OTULB_3011	1	3881
OTULB_1957	1	2421
OTULB_1962	1	2428
OTULB_2457	1	3100
OTULB_2462	1	3105
OTULB_2507	1	3171
OTULB_2512	1	3176
OTULB_3007	1	3876
OTULB_3012	1	3882
OTULB_1958	1	2422
OTULB_1963	1	2430
OTULB_2458	1	3101
OTULB_2463	1	3106
OTULB_2508	1	3172
OTULB_2513	1	3177
OTULB_3008	1	3877
OTULB_3013	1	3883
OTULB_1959	1	2423
OTULB_1964	1	2434
OTULB_2459	1	3102
OTULB_2464	1	3107
OTULB_2509	1	3173
OTULB_2514	1	3178
OTULB_3009	1	3878
OTULB_3014	1	3884
OTULB_1965	2	2435,3115
OTULB_1970	1	2443
OTULB_2465	1	3108
OTULB_2470	1	3113
OTULB_2515	1	3179
OTULB_2520	1	3185
OTULB_3015	1	3885
OTULB_3020	1	3890
OTULB_1966	2	2436,3289
OTULB_1971	1	2444
OTULB_2466	1	3109
OTULB_2471	1	3114
OTULB_2516	1	3180
OTULB_2521	1	3187
OTULB_3016	1	3886
OTULB_3021	1	3891
OTULB_1967	1	2437
OTULB_1972	1	2445
OTULB_2467	1	3110
OTULB_2472	1	3116
OTULB_2517	2	3182,3593
OTULB_2522	1	3188
OTULB_3017	1	3887
OTULB_3022	1	3893
OTULB_1968	1	2438
OTULB_1973	1	2446
OTULB_2468	2	3111,3207
OTULB_2473	1	3117
OTULB_2518	1	3183
OTULB_2523	1	3189
OTULB_3018	1	3888
OTULB_3023	1	3894
OTULB_1969	1	2442
OTULB_1974	1	2447
OTULB_2469	1	3112
OTULB_2474	1	3118
OTULB_2519	1	3184
OTULB_2524	1	3190
OTULB_3019	1	3889
OTULB_3024	1	3896
OTULB_1975	1	2449
OTULB_1980	1	2456
OTULB_2475	1	3123
OTULB_2480	1	3129
OTULB_2525	1	3191
OTULB_2530	1	3198
OTULB_3025	1	3898
OTULB_3030	1	3909
OTULB_1976	1	2450
OTULB_1981	1	2457
OTULB_2476	1	3124
OTULB_2481	1	3132
OTULB_2526	1	3193
OTULB_2531	1	3200
OTULB_3026	1	3900
OTULB_3031	1	3910
OTULB_1977	1	2451
OTULB_1982	1	2458
OTULB_2477	1	3126
OTULB_2482	1	3133
OTULB_2527	1	3195
OTULB_2532	1	3201
OTULB_3027	1	3901
OTULB_3032	1	3911
OTULB_1978	1	2454
OTULB_1983	1	2459
OTULB_2478	1	3127
OTULB_2483	2	3134,4362
OTULB_2528	1	3196
OTULB_2533	1	3202
OTULB_3028	1	3903
OTULB_3033	1	3912
OTULB_1979	1	2455
OTULB_1984	1	2460
OTULB_2479	2	3128,4139
OTULB_2484	1	3135
OTULB_2529	1	3197
OTULB_2534	1	3203
OTULB_3029	1	3907
OTULB_3034	1	3913
OTULB_1985	1	2461
OTULB_1990	1	2468
OTULB_2485	1	3136
OTULB_2490	1	3143
OTULB_2535	1	3204
OTULB_2540	1	3212
OTULB_3035	1	3914
OTULB_3040	1	3919
OTULB_1986	2	2463,2736
OTULB_1991	1	2470
OTULB_2486	1	3139
OTULB_2491	1	3144
OTULB_2536	1	3205
OTULB_2541	1	3213
OTULB_3036	1	3915
OTULB_3041	1	3920
OTULB_1987	1	2464
OTULB_1992	1	2471
OTULB_2487	1	3140
OTULB_2492	1	3145
OTULB_2537	1	3206
OTULB_2542	1	3215
OTULB_3037	1	3916
OTULB_3042	1	3921
OTULB_1988	1	2466
OTULB_1993	1	2472
OTULB_2488	1	3141
OTULB_2493	1	3146
OTULB_2538	1	3208
OTULB_2543	1	3216
OTULB_3038	1	3917
OTULB_3043	1	3922
OTULB_1989	2	2467,4230
OTULB_1994	1	2473
OTULB_2489	1	3142
OTULB_2494	1	3147
OTULB_2539	1	3210
OTULB_2544	1	3217
OTULB_3039	1	3918
OTULB_3044	1	3923
OTULB_3100	1	4001
OTULB_1995	1	2474
OTULB_2495	1	3151
OTULB_2545	1	3218
OTULB_2550	1	3223
OTULB_2600	1	3298
OTULB_3045	1	3924
OTULB_3050	1	3932
OTULB_3101	1	4002
OTULB_1996	1	2475
OTULB_2496	1	3152
OTULB_2546	1	3219
OTULB_2551	1	3224
OTULB_2601	1	3299
OTULB_3046	1	3925
OTULB_3051	1	3934
OTULB_3102	1	4003
OTULB_1997	1	2476
OTULB_2497	1	3154
OTULB_2547	1	3220
OTULB_2552	1	3225
OTULB_2602	1	3300
OTULB_3047	1	3926
OTULB_3052	1	3935
OTULB_3103	1	4004
OTULB_1998	1	2477
OTULB_2498	1	3156
OTULB_2548	1	3221
OTULB_2553	1	3226
OTULB_2603	1	3301
OTULB_3048	1	3928
OTULB_3053	1	3937
OTULB_3104	1	4005
OTULB_1999	1	2478
OTULB_2499	1	3157
OTULB_2549	1	3222
OTULB_2554	2	3228,4404
OTULB_2604	1	3302
OTULB_3049	1	3931
OTULB_3054	1	3938
OTULB_3110	1	4014
OTULB_3105	1	4009
OTULB_2555	1	3229
OTULB_2560	2	3237,3368
OTULB_2605	1	3303
OTULB_2610	1	3311
OTULB_3055	1	3939
OTULB_3060	1	3947
OTULB_3111	1	4015
OTULB_3106	1	4010
OTULB_2556	1	3230
OTULB_2561	1	3239
OTULB_2606	1	3305
OTULB_2611	1	3315
OTULB_3056	1	3940
OTULB_3061	1	3948
OTULB_3112	1	4016
OTULB_3107	1	4011
OTULB_2557	1	3231
OTULB_2562	1	3240
OTULB_2607	1	3308
OTULB_2612	1	3316
OTULB_3057	1	3944
OTULB_3062	1	3949
OTULB_3113	1	4017
OTULB_3108	2	4012,4234
OTULB_2558	1	3234
OTULB_2563	1	3241
OTULB_2608	1	3309
OTULB_2613	1	3317
OTULB_3058	1	3945
OTULB_3063	1	3950
OTULB_3114	1	4018
OTULB_3109	1	4013
OTULB_2559	1	3235
OTULB_2564	1	3242
OTULB_2609	1	3310
OTULB_2614	1	3319
OTULB_3059	1	3946
OTULB_3064	1	3953
OTULB_3120	1	4025
OTULB_3115	1	4019
OTULB_2565	1	3243
OTULB_2570	1	3250
OTULB_2615	1	3320
OTULB_2620	1	3327
OTULB_3065	1	3954
OTULB_3070	1	3959
OTULB_3121	1	4026
OTULB_3116	1	4020
OTULB_2566	1	3246
OTULB_2571	1	3254
OTULB_2616	1	3321
OTULB_2621	1	3328
OTULB_3066	1	3955
OTULB_3071	1	3962
OTULB_3122	1	4027
OTULB_3117	1	4021
OTULB_2567	1	3247
OTULB_2572	1	3255
OTULB_2617	1	3322
OTULB_2622	1	3329
OTULB_3067	1	3956
OTULB_3072	1	3963
OTULB_3123	1	4028
OTULB_3118	1	4022
OTULB_2568	1	3248
OTULB_2573	1	3256
OTULB_2618	1	3324
OTULB_2623	1	3330
OTULB_3068	1	3957
OTULB_3073	1	3964
OTULB_3124	1	4030
OTULB_3119	1	4023
OTULB_2569	1	3249
OTULB_2574	1	3257
OTULB_2619	1	3325
OTULB_2624	1	3331
OTULB_3069	1	3958
OTULB_3074	1	3966
OTULB_3130	1	4037
OTULB_3125	1	4031
OTULB_3080	1	3973
OTULB_2575	1	3259
OTULB_2580	1	3270
OTULB_2625	1	3332
OTULB_2630	1	3338
OTULB_3075	1	3968
OTULB_3131	1	4038
OTULB_3126	1	4033
OTULB_3081	1	3974
OTULB_2576	1	3263
OTULB_2581	1	3272
OTULB_2626	1	3333
OTULB_2631	1	3339
OTULB_3076	1	3969
OTULB_3132	1	4040
OTULB_3127	1	4034
OTULB_3082	1	3975
OTULB_2577	1	3265
OTULB_2582	1	3273
OTULB_2627	1	3334
OTULB_2632	1	3340
OTULB_3077	1	3970
OTULB_3133	1	4041
OTULB_3128	1	4035
OTULB_3083	1	3977
OTULB_2578	1	3267
OTULB_2583	1	3274
OTULB_2628	1	3335
OTULB_2633	2	3341,3979
OTULB_3078	1	3971
OTULB_3134	1	4042
OTULB_3129	1	4036
OTULB_3084	1	3980
OTULB_2579	1	3269
OTULB_2584	1	3276
OTULB_2629	1	3336
OTULB_2634	1	3342
OTULB_3079	1	3972
OTULB_3140	1	4048
OTULB_3135	1	4043
OTULB_3090	1	3988
OTULB_3085	1	3981
OTULB_2585	1	3277
OTULB_2590	1	3283
OTULB_2635	2	3344,4251
OTULB_2640	1	3350
OTULB_3141	1	4049
OTULB_3136	1	4044
OTULB_3091	1	3989
OTULB_3086	1	3983
OTULB_2586	1	3278
OTULB_2591	1	3286
OTULB_2636	1	3345
OTULB_2641	1	3352
OTULB_3142	1	4050
OTULB_3137	1	4045
OTULB_3092	1	3990
OTULB_3087	1	3985
OTULB_2587	1	3279
OTULB_2592	1	3288
OTULB_2637	1	3347
OTULB_2642	1	3354
OTULB_3143	1	4051
OTULB_3138	1	4046
OTULB_3093	1	3991
OTULB_3088	1	3986
OTULB_2588	1	3280
OTULB_2593	1	3290
OTULB_2638	1	3348
OTULB_2643	1	3355
OTULB_3144	1	4053
OTULB_3139	1	4047
OTULB_3094	1	3994
OTULB_3089	1	3987
OTULB_2589	1	3281
OTULB_2594	1	3291
OTULB_2639	1	3349
OTULB_2644	1	3357
OTULB_3200	1	4129
OTULB_3150	1	4065
OTULB_3145	1	4054
OTULB_3095	1	3996
OTULB_2595	1	3293
OTULB_2645	1	3359
OTULB_2650	1	3365
OTULB_2700	1	3429
OTULB_3201	1	4130
OTULB_3151	1	4066
OTULB_3146	1	4060
OTULB_3096	1	3997
OTULB_2596	1	3294
OTULB_2646	1	3360
OTULB_2651	1	3366
OTULB_2701	1	3430
OTULB_3202	1	4131
OTULB_3152	1	4069
OTULB_3147	1	4061
OTULB_3097	1	3998
OTULB_2597	1	3295
OTULB_2647	1	3361
OTULB_2652	1	3367
OTULB_2702	1	3431
OTULB_3203	1	4132
OTULB_3153	1	4070
OTULB_3148	1	4062
OTULB_3098	1	3999
OTULB_2598	1	3296
OTULB_2648	1	3363
OTULB_2653	1	3369
OTULB_2703	1	3432
OTULB_3204	1	4134
OTULB_3154	1	4071
OTULB_3149	1	4063
OTULB_3099	1	4000
OTULB_2599	1	3297
OTULB_2649	2	3364,3693
OTULB_2654	1	3371
OTULB_2704	1	3433
OTULB_3210	1	4143
OTULB_3205	1	4135
OTULB_3160	1	4077
OTULB_3155	1	4072
OTULB_2655	2	3372,3723
OTULB_2660	1	3379
OTULB_2705	1	3434
OTULB_2710	1	3444
OTULB_3211	1	4144
OTULB_3206	1	4137
OTULB_3161	1	4078
OTULB_3156	1	4073
OTULB_2656	1	3374
OTULB_2661	1	3380
OTULB_2706	1	3436
OTULB_2711	1	3445
OTULB_3212	1	4145
OTULB_3207	1	4138
OTULB_3162	1	4079
OTULB_3157	1	4074
OTULB_2657	1	3375
OTULB_2662	1	3381
OTULB_2707	1	3437
OTULB_2712	1	3448
OTULB_3213	1	4146
OTULB_3208	1	4140
OTULB_3163	1	4080
OTULB_3158	1	4075
OTULB_2658	1	3376
OTULB_2663	1	3382
OTULB_2708	1	3440
OTULB_2713	1	3449
OTULB_3214	1	4147
OTULB_3209	1	4142
OTULB_3164	1	4081
OTULB_3159	1	4076
OTULB_2659	1	3378
OTULB_2664	1	3383
OTULB_2709	1	3442
OTULB_2714	1	3450
OTULB_3220	1	4156
OTULB_3215	1	4148
OTULB_3170	1	4091
OTULB_3165	1	4082
OTULB_2665	1	3384
OTULB_2670	1	3389
OTULB_2715	1	3452
OTULB_2720	1	3458
OTULB_3221	1	4157
OTULB_3216	1	4149
OTULB_3171	1	4092
OTULB_3166	1	4083
OTULB_2666	1	3385
OTULB_2671	1	3390
OTULB_2716	1	3453
OTULB_2721	1	3459
OTULB_3222	1	4160
OTULB_3217	1	4150
OTULB_3172	1	4094
OTULB_3167	1	4084
OTULB_2667	1	3386
OTULB_2672	1	3392
OTULB_2717	1	3455
OTULB_2722	1	3460
OTULB_3223	1	4163
OTULB_3218	1	4154
OTULB_3173	1	4096
OTULB_3168	1	4086
OTULB_2668	1	3387
OTULB_2673	1	3394
OTULB_2718	1	3456
OTULB_2723	1	3462
OTULB_3224	1	4164
OTULB_3219	1	4155
OTULB_3174	1	4097
OTULB_3169	1	4089
OTULB_2669	1	3388
OTULB_2674	1	3395
OTULB_2719	1	3457
OTULB_2724	1	3463
OTULB_3230	1	4174
OTULB_3225	1	4166
OTULB_3180	1	4105
OTULB_3175	1	4099
OTULB_2675	1	3396
OTULB_2680	1	3401
OTULB_2725	1	3465
OTULB_2730	1	3473
OTULB_3231	1	4175
OTULB_3226	1	4167
OTULB_3181	1	4106
OTULB_3176	1	4100
OTULB_2676	1	3397
OTULB_2681	1	3402
OTULB_2726	1	3466
OTULB_2731	1	3475
OTULB_3232	1	4176
OTULB_3227	1	4168
OTULB_3182	1	4107
OTULB_3177	1	4102
OTULB_2677	1	3398
OTULB_2682	1	3403
OTULB_2727	2	3468,3798
OTULB_2732	1	3476
OTULB_3233	1	4177
OTULB_3228	1	4170
OTULB_3183	1	4109
OTULB_3178	1	4103
OTULB_2678	1	3399
OTULB_2683	1	3404
OTULB_2728	1	3469
OTULB_2733	1	3477
OTULB_3234	1	4178
OTULB_3229	1	4173
OTULB_3184	1	4110
OTULB_3179	1	4104
OTULB_2679	1	3400
OTULB_2684	1	3407
OTULB_2729	1	3472
OTULB_2734	2	3478,4199
OTULB_3240	1	4184
OTULB_3235	1	4179
OTULB_3190	1	4117
OTULB_3185	1	4112
OTULB_2685	1	3408
OTULB_2690	1	3414
OTULB_2735	1	3479
OTULB_2740	2	3487,4111
OTULB_3241	1	4185
OTULB_3236	1	4180
OTULB_3191	1	4118
OTULB_3186	1	4113
OTULB_2686	1	3410
OTULB_2691	1	3415
OTULB_2736	1	3480
OTULB_2741	1	3489
OTULB_3242	1	4187
OTULB_3237	1	4181
OTULB_3192	1	4120
OTULB_3187	1	4114
OTULB_2687	1	3411
OTULB_2692	1	3416
OTULB_2737	1	3482
OTULB_2742	1	3491
OTULB_3243	1	4188
OTULB_3238	1	4182
OTULB_3193	1	4121
OTULB_3188	1	4115
OTULB_2688	1	3412
OTULB_2693	1	3418
OTULB_2738	1	3483
OTULB_2743	1	3493
OTULB_3244	1	4190
OTULB_3239	1	4183
OTULB_3194	1	4122
OTULB_3189	1	4116
OTULB_2689	1	3413
OTULB_2694	1	3420
OTULB_2739	1	3486
OTULB_2744	1	3496
OTULB_3300	1	4269
OTULB_3250	1	4197
OTULB_3245	1	4191
OTULB_3195	2	4123,4216
OTULB_2695	1	3423
OTULB_2745	1	3497
OTULB_2750	1	3502
OTULB_2800	1	3569
OTULB_3301	1	4271
OTULB_3251	1	4198
OTULB_3246	1	4192
OTULB_3196	1	4124
OTULB_2696	1	3424
OTULB_2746	1	3498
OTULB_2751	1	3503
OTULB_2801	1	3573
OTULB_3302	1	4274
OTULB_3252	1	4200
OTULB_3247	1	4193
OTULB_3197	1	4126
OTULB_2697	1	3425
OTULB_2747	1	3499
OTULB_2752	1	3505
OTULB_2802	1	3574
OTULB_3303	1	4276
OTULB_3253	1	4201
OTULB_3248	1	4195
OTULB_3198	1	4127
OTULB_2698	1	3427
OTULB_2748	1	3500
OTULB_2753	1	3506
OTULB_2803	1	3575
OTULB_3304	1	4277
OTULB_3254	1	4202
OTULB_3249	1	4196
OTULB_3199	1	4128
OTULB_2699	1	3428
OTULB_2749	1	3501
OTULB_2754	1	3507
OTULB_2804	1	3577
OTULB_3310	1	4285
OTULB_3305	1	4279
OTULB_3260	1	4211
OTULB_3255	1	4204
OTULB_2755	1	3508
OTULB_2760	1	3513
OTULB_2805	1	3579
OTULB_2810	1	3590
OTULB_3311	1	4286
OTULB_3306	1	4280
OTULB_3261	1	4212
OTULB_3256	1	4205
OTULB_2756	1	3509
OTULB_2761	1	3515
OTULB_2806	1	3581
OTULB_2811	1	3591
OTULB_3312	1	4288
OTULB_3307	1	4281
OTULB_3262	1	4213
OTULB_3257	1	4207
OTULB_2757	1	3510
OTULB_2762	1	3516
OTULB_2807	1	3584
OTULB_2812	1	3592
OTULB_3313	1	4291
OTULB_3308	1	4282
OTULB_3263	1	4214
OTULB_3258	1	4208
OTULB_2758	1	3511
OTULB_2763	1	3517
OTULB_2808	1	3588
OTULB_2813	1	3594
OTULB_3314	1	4292
OTULB_3309	1	4284
OTULB_3264	1	4218
OTULB_3259	1	4210
OTULB_2759	1	3512
OTULB_2764	1	3518
OTULB_2809	1	3589
OTULB_2814	1	3595
OTULB_3320	1	4299
OTULB_3315	1	4293
OTULB_3270	1	4227
OTULB_3265	1	4219
OTULB_2765	2	3519,3730
OTULB_2770	1	3529
OTULB_2815	1	3597
OTULB_2820	1	3602
OTULB_3321	1	4300
OTULB_3316	1	4295
OTULB_3271	1	4229
OTULB_3266	1	4221
OTULB_2766	1	3520
OTULB_2771	1	3530
OTULB_2816	1	3598
OTULB_2821	1	3604
OTULB_3322	1	4301
OTULB_3317	1	4296
OTULB_3272	1	4231
OTULB_3267	1	4222
OTULB_2767	1	3522
OTULB_2772	1	3531
OTULB_2817	1	3599
OTULB_2822	1	3605
OTULB_3323	1	4302
OTULB_3318	1	4297
OTULB_3273	1	4232
OTULB_3268	1	4225
OTULB_2768	1	3526
OTULB_2773	1	3532
OTULB_2818	1	3600
OTULB_2823	1	3606
OTULB_3324	1	4303
OTULB_3319	1	4298
OTULB_3274	1	4233
OTULB_3269	1	4226
OTULB_2769	1	3528
OTULB_2774	1	3533
OTULB_2819	1	3601
OTULB_2824	1	3607
OTULB_3330	1	4312
OTULB_3325	1	4306
OTULB_3280	1	4240
OTULB_3275	1	4235
OTULB_2775	1	3534
OTULB_2780	1	3540
OTULB_2825	1	3609
OTULB_2830	1	3615
OTULB_3331	1	4313
OTULB_3326	1	4307
OTULB_3281	1	4241
OTULB_3276	1	4236
OTULB_2776	1	3535
OTULB_2781	1	3542
OTULB_2826	1	3610
OTULB_2831	1	3616
OTULB_3332	1	4314
OTULB_3327	1	4309
OTULB_3282	1	4246
OTULB_3277	1	4237
OTULB_2777	1	3536
OTULB_2782	1	3543
OTULB_2827	1	3611
OTULB_2832	1	3617
OTULB_3333	1	4315
OTULB_3328	1	4310
OTULB_3283	1	4247
OTULB_3278	1	4238
OTULB_2778	1	3538
OTULB_2783	1	3546
OTULB_2828	1	3613
OTULB_2833	1	3618
OTULB_3334	1	4316
OTULB_3329	1	4311
OTULB_3284	1	4248
OTULB_3279	1	4239
OTULB_2779	1	3539
OTULB_2784	1	3549
OTULB_2829	1	3614
OTULB_2834	1	3620
OTULB_3340	1	4324
OTULB_3335	1	4318
OTULB_3290	1	4256
OTULB_3285	1	4249
OTULB_2785	1	3550
OTULB_2790	1	3556
OTULB_2835	1	3622
OTULB_2840	1	3631
OTULB_3341	1	4325
OTULB_3336	1	4319
OTULB_3291	1	4257
OTULB_3286	1	4250
OTULB_2786	1	3551
OTULB_2791	1	3557
OTULB_2836	1	3625
OTULB_2841	1	3632
OTULB_3342	1	4328
OTULB_3337	1	4321
OTULB_3292	1	4259
OTULB_3287	1	4252
OTULB_2787	1	3553
OTULB_2792	1	3558
OTULB_2837	1	3628
OTULB_2842	1	3633
OTULB_3343	1	4329
OTULB_3338	1	4322
OTULB_3293	1	4260
OTULB_3288	1	4253
OTULB_2788	1	3554
OTULB_2793	1	3559
OTULB_2838	1	3629
OTULB_2843	1	3635
OTULB_3344	1	4332
OTULB_3339	1	4323
OTULB_3294	1	4261
OTULB_3289	1	4254
OTULB_2789	1	3555
OTULB_2794	1	3561
OTULB_2839	1	3630
OTULB_2844	1	3636
OTULB_3350	1	4339
OTULB_3345	1	4334
OTULB_3295	1	4264
OTULB_2795	1	3562
OTULB_2845	1	3639
OTULB_2850	1	3646
OTULB_2900	1	3716
OTULB_3351	1	4340
OTULB_3346	1	4335
OTULB_3296	1	4265
OTULB_2796	1	3564
OTULB_2846	1	3641
OTULB_2851	1	3647
OTULB_2901	1	3718
OTULB_3352	1	4341
OTULB_3347	1	4336
OTULB_3297	1	4266
OTULB_2797	1	3566
OTULB_2847	1	3642
OTULB_2852	1	3648
OTULB_2902	1	3719
OTULB_3353	1	4343
OTULB_3348	1	4337
OTULB_3298	1	4267
OTULB_2798	1	3567
OTULB_2848	1	3644
OTULB_2853	1	3649
OTULB_2903	2	3720,4206
OTULB_3354	1	4344
OTULB_3349	1	4338
OTULB_3299	1	4268
OTULB_2799	1	3568
OTULB_2849	1	3645
OTULB_2854	1	3650
OTULB_2904	1	3725
OTULB_3360	1	4351
OTULB_3355	1	4345
OTULB_2855	1	3651
OTULB_2860	1	3658
OTULB_2905	1	3726
OTULB_2910	1	3733
OTULB_3361	1	4354
OTULB_3356	1	4346
OTULB_2856	1	3652
OTULB_2861	1	3660
OTULB_2906	1	3727
OTULB_2911	1	3734
OTULB_3362	1	4355
OTULB_3357	1	4347
OTULB_2857	1	3654
OTULB_2862	1	3662
OTULB_2907	1	3729
OTULB_2912	1	3737
OTULB_3363	1	4357
OTULB_3358	1	4348
OTULB_2858	1	3656
OTULB_2863	1	3663
OTULB_2908	1	3731
OTULB_2913	1	3738
OTULB_3364	1	4358
OTULB_3359	1	4349
OTULB_2859	1	3657
OTULB_2864	1	3664
OTULB_2909	1	3732
OTULB_2914	1	3740
OTULB_3370	1	4371
OTULB_3365	1	4361
OTULB_2865	2	3665,3717
OTULB_2870	1	3675
OTULB_2915	1	3741
OTULB_2920	1	3747
OTULB_3371	1	4372
OTULB_3366	1	4365
OTULB_2866	1	3666
OTULB_2871	1	3678
OTULB_2916	1	3743
OTULB_2921	1	3749
OTULB_3372	1	4373
OTULB_3367	1	4366
OTULB_2867	1	3668
OTULB_2872	1	3679
OTULB_2917	1	3744
OTULB_2922	1	3750
OTULB_3373	1	4374
OTULB_3368	1	4367
OTULB_2868	1	3669
OTULB_2873	1	3680
OTULB_2918	1	3745
OTULB_2923	1	3751
OTULB_3374	1	4375
OTULB_3369	1	4370
OTULB_2869	1	3674
OTULB_2874	1	3684
OTULB_2919	1	3746
OTULB_2924	1	3752
OTULB_3380	1	4386
OTULB_3375	1	4376
OTULB_2875	1	3686
OTULB_2880	1	3692
OTULB_2925	1	3754
OTULB_2930	1	3762
OTULB_3381	1	4387
OTULB_3376	1	4378
OTULB_2876	1	3687
OTULB_2881	1	3694
OTULB_2926	1	3755
OTULB_2931	1	3763
OTULB_3382	1	4388
OTULB_3377	1	4381
OTULB_2877	1	3688
OTULB_2882	1	3695
OTULB_2927	1	3757
OTULB_2932	1	3764
OTULB_3383	1	4390
OTULB_3378	1	4383
OTULB_2878	1	3689
OTULB_2883	1	3697
OTULB_2928	1	3758
OTULB_2933	1	3765
OTULB_3384	1	4391
OTULB_3379	1	4385
OTULB_2879	1	3691
OTULB_2884	1	3699
OTULB_2929	1	3759
OTULB_2934	1	3766
OTULB_3390	1	4398
OTULB_3385	1	4393
OTULB_2885	1	3701
OTULB_2890	1	3706
OTULB_2935	1	3767
OTULB_2940	1	3774
OTULB_3391	1	4399
OTULB_3386	1	4394
OTULB_2886	1	3702
OTULB_2891	1	3707
OTULB_2936	1	3769
OTULB_2941	1	3775
OTULB_3392	1	4401
OTULB_3387	1	4395
OTULB_2887	1	3703
OTULB_2892	1	3708
OTULB_2937	1	3771
OTULB_2942	1	3776
OTULB_3393	1	4402
OTULB_3388	1	4396
OTULB_2888	1	3704
OTULB_2893	1	3709
OTULB_2938	1	3772
OTULB_2943	1	3777
OTULB_3394	1	4403
OTULB_3389	1	4397
OTULB_2889	1	3705
OTULB_2894	1	3710
OTULB_2939	1	3773
OTULB_2944	1	3778
OTULB_3395	1	4405
OTULB_2895	1	3711
OTULB_2945	1	3779
OTULB_2950	1	3787
OTULB_3396	1	4406
OTULB_2896	1	3712
OTULB_2946	1	3780
OTULB_2951	1	3789
OTULB_3397	1	4407
OTULB_2897	1	3713
OTULB_2947	1	3781
OTULB_2952	1	3790
OTULB_3398	1	4408
OTULB_2898	1	3714
OTULB_2948	1	3784
OTULB_2953	1	3791
OTULB_3399	1	4409
OTULB_2899	1	3715
OTULB_2949	1	3786
OTULB_2954	1	3792
OTULB_2955	2	3794,4382
OTULB_2960	1	3805
OTULB_2956	1	3795
OTULB_2961	1	3806
OTULB_2957	1	3799
OTULB_2962	1	3808
OTULB_2958	1	3800
OTULB_2963	1	3809
OTULB_2959	1	3803
OTULB_2964	1	3811
OTULB_2965	1	3813
OTULB_2970	1	3819
OTULB_2966	1	3814
OTULB_2971	1	3821
OTULB_2967	1	3816
OTULB_2972	1	3823
OTULB_2968	1	3817
OTULB_2973	1	3824
OTULB_2969	1	3818
OTULB_2974	1	3826
OTULB_2975	1	3827
OTULB_2980	1	3836
OTULB_2976	1	3829
OTULB_2981	1	3837
OTULB_2977	1	3830
OTULB_2982	1	3838
OTULB_2978	1	3833
OTULB_2983	1	3840
OTULB_2979	1	3834
OTULB_2984	1	3841
OTULB_2985	1	3843
OTULB_2990	1	3851
OTULB_2986	1	3845
OTULB_2991	1	3852
OTULB_2987	1	3847
OTULB_2992	1	3853
OTULB_2988	1	3848
OTULB_2993	1	3855
OTULB_2989	1	3850
OTULB_2994	1	3857
OTULB_2995	1	3859
OTULB_2996	1	3860
OTULB_2997	1	3862
OTULB_2998	1	3863
OTULB_2999	1	3867
OTUHB_1	24	0,95,343,371,414,546,586,704,1021,1111,1715,1760,2533,2547,2949,3045,3236,3523,1728,2453,2024,2100,2364,3810
OTUHB_2	23	1,42,99,153,636,1375,1624,1647,1872,1961,2392,2448,3013,3238,3446,873,995,1037,1277,2002,3148,3373,3831
OTUHB_3	8	2,1229,1460,1579,1636,2173,2260,3801
OTUHB_4	8	3,886,1090,1736,2226,2784,2786,2890
OTUHB_5	3	4,1476,2678
OTUHB_6	2	5,3121
OTUHB_7	12	6,21,358,696,1091,2014,2383,2508,3785,1404,2078,3603
OTUHB_8	5	7,175,1846,2087,3866
OTUHB_9	8	8,271,1083,1203,1946,2462,1445,3982
